1 1 4 -0.4161 1.068 -0.085 0.025
2 1 4 -0.041 2.584 -0.024 -0.006
3 1 36 -0.4603 3.087 0.074 -1.362
4 1 4 -0.0909 3.309 1.333 -2.024
5 1 4 -0.2218 3.448 0.943 -3.483
6 1 4 -0.3187 4.01 -0.473 -3.434
7 1 1 0.4752 3.453 -1.012 -2.141
8 1 49 -0.5417 3.394 -2.19 -1.831
9 1 25 0.1549 0.711 -0.17 1.056
10 1 25 0.1801 0.699 -0.95 -0.538
11 1 25 0.1636 0.627 0.814 -0.418
12 1 19 0.1455 2.989 -0.933 0.452
13 1 19 0.1216 2.952 0.835 0.566
14 1 19 0.129 4.23 1.774 -1.629
15 1 19 0.1243 2.469 2.014 -1.858
16 1 25 0.1315 4.077 1.633 -4.05
17 1 25 0.1416 2.458 0.924 -3.956
18 1 25 0.1609 5.103 -0.47 -3.374
19 1 25 0.1622 3.678 -1.07 -4.287
