1 10 3 7 6 18
2 10 3 7 6 19
3 10 5 6 7 8
4 16 2 3 7 6
5 16 4 3 7 6
6 16 2 3 7 8
7 16 4 3 7 8
8 162 3 2 1 9
9 162 3 2 1 10
10 162 3 2 1 11
11 162 3 4 5 16
12 162 3 4 5 17
13 162 3 4 5 6
14 162 4 5 6 7
15 162 6 5 4 14
16 162 6 5 4 15
17 162 7 6 5 16
18 162 7 6 5 17
19 162 9 1 2 12
20 162 9 1 2 13
21 162 10 1 2 12
22 162 10 1 2 13
23 162 11 1 2 12
24 162 11 1 2 13
25 162 14 4 5 16
26 162 15 4 5 16
27 162 14 4 5 17
28 162 15 4 5 17
29 166 1 2 3 4
30 166 2 3 4 5
31 166 4 3 2 12
32 166 4 3 2 13
33 166 2 3 4 14
34 166 2 3 4 15
35 166 7 3 2 12
36 166 7 3 2 13
37 166 7 3 4 14
38 166 7 3 4 15
39 594 1 2 3 7
40 594 5 4 3 7
41 595 3 7 6 5
42 610 8 7 6 18
43 610 8 7 6 19
44 611 16 5 6 18
45 611 16 5 6 19
46 611 17 5 6 18
47 611 17 5 6 19
48 612 4 5 6 18
49 612 4 5 6 19
