    1 1 2
    2 2 3
    3 3 4
    4 4 5
    5 5 6
    6 6 7
    7 3 7
    8 7 8
    9 1 9
    10 1 10
    11 1 11
    12 2 12
    13 2 13
    14 4 14
    15 4 15
    16 5 16
    17 5 17
    18 6 18
    19 6 19
    20 20 21
    21 21 22
    22 22 23
    23 23 24
    24 24 25
    25 25 26
    26 22 26
    27 26 27
    28 20 28
    29 20 29
    30 20 30
    31 21 31
    32 21 32
    33 23 33
    34 23 34
    35 24 35
    36 24 36
    37 25 37
    38 25 38
    39 39 40
    40 40 41
    41 41 42
    42 42 43
    43 43 44
    44 44 45
    45 41 45
    46 45 46
    47 39 47
    48 39 48
    49 39 49
    50 40 50
    51 40 51
    52 42 52
    53 42 53
    54 43 54
    55 43 55
    56 44 56
    57 44 57
    58 58 59
    59 59 60
    60 60 61
    61 61 62
    62 62 63
    63 63 64
    64 60 64
    65 64 65
    66 58 66
    67 58 67
    68 58 68
    69 59 69
    70 59 70
    71 61 71
    72 61 72
    73 62 73
    74 62 74
    75 63 75
    76 63 76
    77 77 78
    78 78 79
    79 79 80
    80 80 81
    81 81 82
    82 82 83
    83 79 83
    84 83 84
    85 77 85
    86 77 86
    87 77 87
    88 78 88
    89 78 89
    90 80 90
    91 80 91
    92 81 92
    93 81 93
    94 82 94
    95 82 95
    96 96 97
    97 97 98
    98 98 99
    99 99 100
    100 100 101
    101 101 102
    102 98 102
    103 102 103
    104 96 104
    105 96 105
    106 96 106
    107 97 107
    108 97 108
    109 99 109
    110 99 110
    111 100 111
    112 100 112
    113 101 113
    114 101 114
    115 115 116
    116 116 117
    117 117 118
    118 118 119
    119 119 120
    120 120 121
    121 117 121
    122 121 122
    123 115 123
    124 115 124
    125 115 125
    126 116 126
    127 116 127
    128 118 128
    129 118 129
    130 119 130
    131 119 131
    132 120 132
    133 120 133
    134 134 135
    135 135 136
    136 136 137
    137 137 138
    138 138 139
    139 139 140
    140 136 140
    141 140 141
    142 134 142
    143 134 143
    144 134 144
    145 135 145
    146 135 146
    147 137 147
    148 137 148
    149 138 149
    150 138 150
    151 139 151
    152 139 152
    153 153 154
    154 154 155
    155 155 156
    156 156 157
    157 157 158
    158 158 159
    159 155 159
    160 159 160
    161 153 161
    162 153 162
    163 153 163
    164 154 164
    165 154 165
    166 156 166
    167 156 167
    168 157 168
    169 157 169
    170 158 170
    171 158 171
    172 172 173
    173 173 174
    174 174 175
    175 175 176
    176 176 177
    177 177 178
    178 174 178
    179 178 179
    180 172 180
    181 172 181
    182 172 182
    183 173 183
    184 173 184
    185 175 185
    186 175 186
    187 176 187
    188 176 188
    189 177 189
    190 177 190
    191 191 192
    192 192 193
    193 193 194
    194 194 195
    195 195 196
    196 196 197
    197 193 197
    198 197 198
    199 191 199
    200 191 200
    201 191 201
    202 192 202
    203 192 203
    204 194 204
    205 194 205
    206 195 206
    207 195 207
    208 196 208
    209 196 209
    210 210 211
    211 211 212
    212 212 213
    213 213 214
    214 214 215
    215 215 216
    216 212 216
    217 216 217
    218 210 218
    219 210 219
    220 210 220
    221 211 221
    222 211 222
    223 213 223
    224 213 224
    225 214 225
    226 214 226
    227 215 227
    228 215 228
    229 229 230
    230 230 231
    231 231 232
    232 232 233
    233 233 234
    234 234 235
    235 231 235
    236 235 236
    237 229 237
    238 229 238
    239 229 239
    240 230 240
    241 230 241
    242 232 242
    243 232 243
    244 233 244
    245 233 245
    246 234 246
    247 234 247
    248 248 249
    249 249 250
    250 250 251
    251 251 252
    252 252 253
    253 253 254
    254 250 254
    255 254 255
    256 248 256
    257 248 257
    258 248 258
    259 249 259
    260 249 260
    261 251 261
    262 251 262
    263 252 263
    264 252 264
    265 253 265
    266 253 266
    267 267 268
    268 268 269
    269 269 270
    270 270 271
    271 271 272
    272 272 273
    273 269 273
    274 273 274
    275 267 275
    276 267 276
    277 267 277
    278 268 278
    279 268 279
    280 270 280
    281 270 281
    282 271 282
    283 271 283
    284 272 284
    285 272 285
    286 286 287
    287 287 288
    288 288 289
    289 289 290
    290 290 291
    291 291 292
    292 288 292
    293 292 293
    294 286 294
    295 286 295
    296 286 296
    297 287 297
    298 287 298
    299 289 299
    300 289 300
    301 290 301
    302 290 302
    303 291 303
    304 291 304
    305 305 306
    306 306 307
    307 307 308
    308 308 309
    309 309 310
    310 310 311
    311 307 311
    312 311 312
    313 305 313
    314 305 314
    315 305 315
    316 306 316
    317 306 317
    318 308 318
    319 308 319
    320 309 320
    321 309 321
    322 310 322
    323 310 323
    324 324 325
    325 325 326
    326 326 327
    327 327 328
    328 328 329
    329 329 330
    330 326 330
    331 330 331
    332 324 332
    333 324 333
    334 324 334
    335 325 335
    336 325 336
    337 327 337
    338 327 338
    339 328 339
    340 328 340
    341 329 341
    342 329 342
    343 343 344
    344 344 345
    345 345 346
    346 346 347
    347 347 348
    348 348 349
    349 345 349
    350 349 350
    351 343 351
    352 343 352
    353 343 353
    354 344 354
    355 344 355
    356 346 356
    357 346 357
    358 347 358
    359 347 359
    360 348 360
    361 348 361
    362 362 363
    363 363 364
    364 364 365
    365 365 366
    366 366 367
    367 367 368
    368 364 368
    369 368 369
    370 362 370
    371 362 371
    372 362 372
    373 363 373
    374 363 374
    375 365 375
    376 365 376
    377 366 377
    378 366 378
    379 367 379
    380 367 380
    381 381 382
    382 382 383
    383 383 384
    384 384 385
    385 385 386
    386 386 387
    387 383 387
    388 387 388
    389 381 389
    390 381 390
    391 381 391
    392 382 392
    393 382 393
    394 384 394
    395 384 395
    396 385 396
    397 385 397
    398 386 398
    399 386 399
    400 400 401
    401 401 402
    402 402 403
    403 403 404
    404 404 405
    405 405 406
    406 402 406
    407 406 407
    408 400 408
    409 400 409
    410 400 410
    411 401 411
    412 401 412
    413 403 413
    414 403 414
    415 404 415
    416 404 416
    417 405 417
    418 405 418
    419 419 420
    420 420 421
    421 421 422
    422 422 423
    423 423 424
    424 424 425
    425 421 425
    426 425 426
    427 419 427
    428 419 428
    429 419 429
    430 420 430
    431 420 431
    432 422 432
    433 422 433
    434 423 434
    435 423 435
    436 424 436
    437 424 437
    438 438 439
    439 439 440
    440 440 441
    441 441 442
    442 442 443
    443 443 444
    444 440 444
    445 444 445
    446 438 446
    447 438 447
    448 438 448
    449 439 449
    450 439 450
    451 441 451
    452 441 452
    453 442 453
    454 442 454
    455 443 455
    456 443 456
    457 457 458
    458 458 459
    459 459 460
    460 460 461
    461 461 462
    462 462 463
    463 459 463
    464 463 464
    465 457 465
    466 457 466
    467 457 467
    468 458 468
    469 458 469
    470 460 470
    471 460 471
    472 461 472
    473 461 473
    474 462 474
    475 462 475
    476 476 477
    477 477 478
    478 478 479
    479 479 480
    480 480 481
    481 481 482
    482 478 482
    483 482 483
    484 476 484
    485 476 485
    486 476 486
    487 477 487
    488 477 488
    489 479 489
    490 479 490
    491 480 491
    492 480 492
    493 481 493
    494 481 494
    495 495 496
    496 496 497
    497 497 498
    498 498 499
    499 499 500
    500 500 501
    501 497 501
    502 501 502
    503 495 503
    504 495 504
    505 495 505
    506 496 506
    507 496 507
    508 498 508
    509 498 509
    510 499 510
    511 499 511
    512 500 512
    513 500 513
    514 514 515
    515 515 516
    516 516 517
    517 517 518
    518 518 519
    519 519 520
    520 516 520
    521 520 521
    522 514 522
    523 514 523
    524 514 524
    525 515 525
    526 515 526
    527 517 527
    528 517 528
    529 518 529
    530 518 530
    531 519 531
    532 519 532
    533 533 534
    534 534 535
    535 535 536
    536 536 537
    537 537 538
    538 538 539
    539 535 539
    540 539 540
    541 533 541
    542 533 542
    543 533 543
    544 534 544
    545 534 545
    546 536 546
    547 536 547
    548 537 548
    549 537 549
    550 538 550
    551 538 551
    552 552 553
    553 553 554
    554 554 555
    555 555 556
    556 556 557
    557 557 558
    558 554 558
    559 558 559
    560 552 560
    561 552 561
    562 552 562
    563 553 563
    564 553 564
    565 555 565
    566 555 566
    567 556 567
    568 556 568
    569 557 569
    570 557 570
    571 571 572
    572 572 573
    573 573 574
    574 574 575
    575 575 576
    576 576 577
    577 573 577
    578 577 578
    579 571 579
    580 571 580
    581 571 581
    582 572 582
    583 572 583
    584 574 584
    585 574 585
    586 575 586
    587 575 587
    588 576 588
    589 576 589
    590 590 591
    591 591 592
    592 592 593
    593 593 594
    594 594 595
    595 595 596
    596 592 596
    597 596 597
    598 590 598
    599 590 599
    600 590 600
    601 591 601
    602 591 602
    603 593 603
    604 593 604
    605 594 605
    606 594 606
    607 595 607
    608 595 608
    609 609 610
    610 610 611
    611 611 612
    612 612 613
    613 613 614
    614 614 615
    615 611 615
    616 615 616
    617 609 617
    618 609 618
    619 609 619
    620 610 620
    621 610 621
    622 612 622
    623 612 623
    624 613 624
    625 613 625
    626 614 626
    627 614 627
    628 628 629
    629 629 630
    630 630 631
    631 631 632
    632 632 633
    633 633 634
    634 630 634
    635 634 635
    636 628 636
    637 628 637
    638 628 638
    639 629 639
    640 629 640
    641 631 641
    642 631 642
    643 632 643
    644 632 644
    645 633 645
    646 633 646
    647 647 648
    648 648 649
    649 649 650
    650 650 651
    651 651 652
    652 652 653
    653 649 653
    654 653 654
    655 647 655
    656 647 656
    657 647 657
    658 648 658
    659 648 659
    660 650 660
    661 650 661
    662 651 662
    663 651 663
    664 652 664
    665 652 665
    666 666 667
    667 667 668
    668 668 669
    669 669 670
    670 670 671
    671 671 672
    672 668 672
    673 672 673
    674 666 674
    675 666 675
    676 666 676
    677 667 677
    678 667 678
    679 669 679
    680 669 680
    681 670 681
    682 670 682
    683 671 683
    684 671 684
    685 685 686
    686 686 687
    687 687 688
    688 688 689
    689 689 690
    690 690 691
    691 687 691
    692 691 692
    693 685 693
    694 685 694
    695 685 695
    696 686 696
    697 686 697
    698 688 698
    699 688 699
    700 689 700
    701 689 701
    702 690 702
    703 690 703
    704 704 705
    705 705 706
    706 706 707
    707 707 708
    708 708 709
    709 709 710
    710 706 710
    711 710 711
    712 704 712
    713 704 713
    714 704 714
    715 705 715
    716 705 716
    717 707 717
    718 707 718
    719 708 719
    720 708 720
    721 709 721
    722 709 722
    723 723 724
    724 724 725
    725 725 726
    726 726 727
    727 727 728
    728 728 729
    729 725 729
    730 729 730
    731 723 731
    732 723 732
    733 723 733
    734 724 734
    735 724 735
    736 726 736
    737 726 737
    738 727 738
    739 727 739
    740 728 740
    741 728 741
    742 742 743
    743 743 744
    744 744 745
    745 745 746
    746 746 747
    747 747 748
    748 744 748
    749 748 749
    750 742 750
    751 742 751
    752 742 752
    753 743 753
    754 743 754
    755 745 755
    756 745 756
    757 746 757
    758 746 758
    759 747 759
    760 747 760
    761 761 762
    762 762 763
    763 763 764
    764 764 765
    765 765 766
    766 766 767
    767 763 767
    768 767 768
    769 761 769
    770 761 770
    771 761 771
    772 762 772
    773 762 773
    774 764 774
    775 764 775
    776 765 776
    777 765 777
    778 766 778
    779 766 779
    780 780 781
    781 781 782
    782 782 783
    783 783 784
    784 784 785
    785 785 786
    786 782 786
    787 786 787
    788 780 788
    789 780 789
    790 780 790
    791 781 791
    792 781 792
    793 783 793
    794 783 794
    795 784 795
    796 784 796
    797 785 797
    798 785 798
    799 799 800
    800 800 801
    801 801 802
    802 802 803
    803 803 804
    804 804 805
    805 801 805
    806 805 806
    807 799 807
    808 799 808
    809 799 809
    810 800 810
    811 800 811
    812 802 812
    813 802 813
    814 803 814
    815 803 815
    816 804 816
    817 804 817
    818 818 819
    819 819 820
    820 820 821
    821 821 822
    822 822 823
    823 823 824
    824 820 824
    825 824 825
    826 818 826
    827 818 827
    828 818 828
    829 819 829
    830 819 830
    831 821 831
    832 821 832
    833 822 833
    834 822 834
    835 823 835
    836 823 836
    837 837 838
    838 838 839
    839 839 840
    840 840 841
    841 841 842
    842 842 843
    843 839 843
    844 843 844
    845 837 845
    846 837 846
    847 837 847
    848 838 848
    849 838 849
    850 840 850
    851 840 851
    852 841 852
    853 841 853
    854 842 854
    855 842 855
    856 856 857
    857 857 858
    858 858 859
    859 859 860
    860 860 861
    861 861 862
    862 858 862
    863 862 863
    864 856 864
    865 856 865
    866 856 866
    867 857 867
    868 857 868
    869 859 869
    870 859 870
    871 860 871
    872 860 872
    873 861 873
    874 861 874
    875 875 876
    876 876 877
    877 877 878
    878 878 879
    879 879 880
    880 880 881
    881 877 881
    882 881 882
    883 875 883
    884 875 884
    885 875 885
    886 876 886
    887 876 887
    888 878 888
    889 878 889
    890 879 890
    891 879 891
    892 880 892
    893 880 893
    894 894 895
    895 895 896
    896 896 897
    897 897 898
    898 898 899
    899 899 900
    900 896 900
    901 900 901
    902 894 902
    903 894 903
    904 894 904
    905 895 905
    906 895 906
    907 897 907
    908 897 908
    909 898 909
    910 898 910
    911 899 911
    912 899 912
    913 913 914
    914 914 915
    915 915 916
    916 916 917
    917 917 918
    918 918 919
    919 915 919
    920 919 920
    921 913 921
    922 913 922
    923 913 923
    924 914 924
    925 914 925
    926 916 926
    927 916 927
    928 917 928
    929 917 929
    930 918 930
    931 918 931
    932 932 933
    933 933 934
    934 934 935
    935 935 936
    936 936 937
    937 937 938
    938 934 938
    939 938 939
    940 932 940
    941 932 941
    942 932 942
    943 933 943
    944 933 944
    945 935 945
    946 935 946
    947 936 947
    948 936 948
    949 937 949
    950 937 950
    951 951 952
    952 952 953
    953 953 954
    954 954 955
    955 955 956
    956 956 957
    957 953 957
    958 957 958
    959 951 959
    960 951 960
    961 951 961
    962 952 962
    963 952 963
    964 954 964
    965 954 965
    966 955 966
    967 955 967
    968 956 968
    969 956 969
    970 970 971
    971 971 972
    972 972 973
    973 973 974
    974 974 975
    975 975 976
    976 972 976
    977 976 977
    978 970 978
    979 970 979
    980 970 980
    981 971 981
    982 971 982
    983 973 983
    984 973 984
    985 974 985
    986 974 986
    987 975 987
    988 975 988
    989 989 990
    990 990 991
    991 991 992
    992 992 993
    993 993 994
    994 994 995
    995 991 995
    996 995 996
    997 989 997
    998 989 998
    999 989 999
    1000 990 1000
    1001 990 1001
    1002 992 1002
    1003 992 1003
    1004 993 1004
    1005 993 1005
    1006 994 1006
    1007 994 1007
    1008 1008 1009
    1009 1009 1010
    1010 1010 1011
    1011 1011 1012
    1012 1012 1013
    1013 1013 1014
    1014 1010 1014
    1015 1014 1015
    1016 1008 1016
    1017 1008 1017
    1018 1008 1018
    1019 1009 1019
    1020 1009 1020
    1021 1011 1021
    1022 1011 1022
    1023 1012 1023
    1024 1012 1024
    1025 1013 1025
    1026 1013 1026
    1027 1027 1028
    1028 1028 1029
    1029 1029 1030
    1030 1030 1031
    1031 1031 1032
    1032 1032 1033
    1033 1029 1033
    1034 1033 1034
    1035 1027 1035
    1036 1027 1036
    1037 1027 1037
    1038 1028 1038
    1039 1028 1039
    1040 1030 1040
    1041 1030 1041
    1042 1031 1042
    1043 1031 1043
    1044 1032 1044
    1045 1032 1045
    1046 1046 1047
    1047 1047 1048
    1048 1048 1049
    1049 1049 1050
    1050 1050 1051
    1051 1051 1052
    1052 1048 1052
    1053 1052 1053
    1054 1046 1054
    1055 1046 1055
    1056 1046 1056
    1057 1047 1057
    1058 1047 1058
    1059 1049 1059
    1060 1049 1060
    1061 1050 1061
    1062 1050 1062
    1063 1051 1063
    1064 1051 1064
    1065 1065 1066
    1066 1066 1067
    1067 1067 1068
    1068 1068 1069
    1069 1069 1070
    1070 1070 1071
    1071 1067 1071
    1072 1071 1072
    1073 1065 1073
    1074 1065 1074
    1075 1065 1075
    1076 1066 1076
    1077 1066 1077
    1078 1068 1078
    1079 1068 1079
    1080 1069 1080
    1081 1069 1081
    1082 1070 1082
    1083 1070 1083
    1084 1084 1085
    1085 1085 1086
    1086 1086 1087
    1087 1087 1088
    1088 1088 1089
    1089 1089 1090
    1090 1086 1090
    1091 1090 1091
    1092 1084 1092
    1093 1084 1093
    1094 1084 1094
    1095 1085 1095
    1096 1085 1096
    1097 1087 1097
    1098 1087 1098
    1099 1088 1099
    1100 1088 1100
    1101 1089 1101
    1102 1089 1102
    1103 1103 1104
    1104 1104 1105
    1105 1105 1106
    1106 1106 1107
    1107 1107 1108
    1108 1108 1109
    1109 1105 1109
    1110 1109 1110
    1111 1103 1111
    1112 1103 1112
    1113 1103 1113
    1114 1104 1114
    1115 1104 1115
    1116 1106 1116
    1117 1106 1117
    1118 1107 1118
    1119 1107 1119
    1120 1108 1120
    1121 1108 1121
    1122 1122 1123
    1123 1123 1124
    1124 1124 1125
    1125 1125 1126
    1126 1126 1127
    1127 1127 1128
    1128 1124 1128
    1129 1128 1129
    1130 1122 1130
    1131 1122 1131
    1132 1122 1132
    1133 1123 1133
    1134 1123 1134
    1135 1125 1135
    1136 1125 1136
    1137 1126 1137
    1138 1126 1138
    1139 1127 1139
    1140 1127 1140
    1141 1141 1142
    1142 1142 1143
    1143 1143 1144
    1144 1144 1145
    1145 1145 1146
    1146 1146 1147
    1147 1143 1147
    1148 1147 1148
    1149 1141 1149
    1150 1141 1150
    1151 1141 1151
    1152 1142 1152
    1153 1142 1153
    1154 1144 1154
    1155 1144 1155
    1156 1145 1156
    1157 1145 1157
    1158 1146 1158
    1159 1146 1159
    1160 1160 1161
    1161 1161 1162
    1162 1162 1163
    1163 1163 1164
    1164 1164 1165
    1165 1165 1166
    1166 1162 1166
    1167 1166 1167
    1168 1160 1168
    1169 1160 1169
    1170 1160 1170
    1171 1161 1171
    1172 1161 1172
    1173 1163 1173
    1174 1163 1174
    1175 1164 1175
    1176 1164 1176
    1177 1165 1177
    1178 1165 1178
    1179 1179 1180
    1180 1180 1181
    1181 1181 1182
    1182 1182 1183
    1183 1183 1184
    1184 1184 1185
    1185 1181 1185
    1186 1185 1186
    1187 1179 1187
    1188 1179 1188
    1189 1179 1189
    1190 1180 1190
    1191 1180 1191
    1192 1182 1192
    1193 1182 1193
    1194 1183 1194
    1195 1183 1195
    1196 1184 1196
    1197 1184 1197
    1198 1198 1199
    1199 1199 1200
    1200 1200 1201
    1201 1201 1202
    1202 1202 1203
    1203 1203 1204
    1204 1200 1204
    1205 1204 1205
    1206 1198 1206
    1207 1198 1207
    1208 1198 1208
    1209 1199 1209
    1210 1199 1210
    1211 1201 1211
    1212 1201 1212
    1213 1202 1213
    1214 1202 1214
    1215 1203 1215
    1216 1203 1216
    1217 1217 1218
    1218 1218 1219
    1219 1219 1220
    1220 1220 1221
    1221 1221 1222
    1222 1222 1223
    1223 1219 1223
    1224 1223 1224
    1225 1217 1225
    1226 1217 1226
    1227 1217 1227
    1228 1218 1228
    1229 1218 1229
    1230 1220 1230
    1231 1220 1231
    1232 1221 1232
    1233 1221 1233
    1234 1222 1234
    1235 1222 1235
    1236 1236 1237
    1237 1237 1238
    1238 1238 1239
    1239 1239 1240
    1240 1240 1241
    1241 1241 1242
    1242 1238 1242
    1243 1242 1243
    1244 1236 1244
    1245 1236 1245
    1246 1236 1246
    1247 1237 1247
    1248 1237 1248
    1249 1239 1249
    1250 1239 1250
    1251 1240 1251
    1252 1240 1252
    1253 1241 1253
    1254 1241 1254
    1255 1255 1256
    1256 1256 1257
    1257 1257 1258
    1258 1258 1259
    1259 1259 1260
    1260 1260 1261
    1261 1257 1261
    1262 1261 1262
    1263 1255 1263
    1264 1255 1264
    1265 1255 1265
    1266 1256 1266
    1267 1256 1267
    1268 1258 1268
    1269 1258 1269
    1270 1259 1270
    1271 1259 1271
    1272 1260 1272
    1273 1260 1273
    1274 1274 1275
    1275 1275 1276
    1276 1276 1277
    1277 1277 1278
    1278 1278 1279
    1279 1279 1280
    1280 1276 1280
    1281 1280 1281
    1282 1274 1282
    1283 1274 1283
    1284 1274 1284
    1285 1275 1285
    1286 1275 1286
    1287 1277 1287
    1288 1277 1288
    1289 1278 1289
    1290 1278 1290
    1291 1279 1291
    1292 1279 1292
    1293 1293 1294
    1294 1294 1295
    1295 1295 1296
    1296 1296 1297
    1297 1297 1298
    1298 1298 1299
    1299 1295 1299
    1300 1299 1300
    1301 1293 1301
    1302 1293 1302
    1303 1293 1303
    1304 1294 1304
    1305 1294 1305
    1306 1296 1306
    1307 1296 1307
    1308 1297 1308
    1309 1297 1309
    1310 1298 1310
    1311 1298 1311
    1312 1312 1313
    1313 1313 1314
    1314 1314 1315
    1315 1315 1316
    1316 1316 1317
    1317 1317 1318
    1318 1314 1318
    1319 1318 1319
    1320 1312 1320
    1321 1312 1321
    1322 1312 1322
    1323 1313 1323
    1324 1313 1324
    1325 1315 1325
    1326 1315 1326
    1327 1316 1327
    1328 1316 1328
    1329 1317 1329
    1330 1317 1330
    1331 1331 1332
    1332 1332 1333
    1333 1333 1334
    1334 1334 1335
    1335 1335 1336
    1336 1336 1337
    1337 1333 1337
    1338 1337 1338
    1339 1331 1339
    1340 1331 1340
    1341 1331 1341
    1342 1332 1342
    1343 1332 1343
    1344 1334 1344
    1345 1334 1345
    1346 1335 1346
    1347 1335 1347
    1348 1336 1348
    1349 1336 1349
    1350 1350 1351
    1351 1351 1352
    1352 1352 1353
    1353 1353 1354
    1354 1354 1355
    1355 1355 1356
    1356 1352 1356
    1357 1356 1357
    1358 1350 1358
    1359 1350 1359
    1360 1350 1360
    1361 1351 1361
    1362 1351 1362
    1363 1353 1363
    1364 1353 1364
    1365 1354 1365
    1366 1354 1366
    1367 1355 1367
    1368 1355 1368
    1369 1369 1370
    1370 1370 1371
    1371 1371 1372
    1372 1372 1373
    1373 1373 1374
    1374 1374 1375
    1375 1371 1375
    1376 1375 1376
    1377 1369 1377
    1378 1369 1378
    1379 1369 1379
    1380 1370 1380
    1381 1370 1381
    1382 1372 1382
    1383 1372 1383
    1384 1373 1384
    1385 1373 1385
    1386 1374 1386
    1387 1374 1387
    1388 1388 1389
    1389 1389 1390
    1390 1390 1391
    1391 1391 1392
    1392 1392 1393
    1393 1393 1394
    1394 1390 1394
    1395 1394 1395
    1396 1388 1396
    1397 1388 1397
    1398 1388 1398
    1399 1389 1399
    1400 1389 1400
    1401 1391 1401
    1402 1391 1402
    1403 1392 1403
    1404 1392 1404
    1405 1393 1405
    1406 1393 1406
    1407 1407 1408
    1408 1408 1409
    1409 1409 1410
    1410 1410 1411
    1411 1411 1412
    1412 1412 1413
    1413 1409 1413
    1414 1413 1414
    1415 1407 1415
    1416 1407 1416
    1417 1407 1417
    1418 1408 1418
    1419 1408 1419
    1420 1410 1420
    1421 1410 1421
    1422 1411 1422
    1423 1411 1423
    1424 1412 1424
    1425 1412 1425
    1426 1426 1427
    1427 1427 1428
    1428 1428 1429
    1429 1429 1430
    1430 1430 1431
    1431 1431 1432
    1432 1428 1432
    1433 1432 1433
    1434 1426 1434
    1435 1426 1435
    1436 1426 1436
    1437 1427 1437
    1438 1427 1438
    1439 1429 1439
    1440 1429 1440
    1441 1430 1441
    1442 1430 1442
    1443 1431 1443
    1444 1431 1444
    1445 1445 1446
    1446 1446 1447
    1447 1447 1448
    1448 1448 1449
    1449 1449 1450
    1450 1450 1451
    1451 1447 1451
    1452 1451 1452
    1453 1445 1453
    1454 1445 1454
    1455 1445 1455
    1456 1446 1456
    1457 1446 1457
    1458 1448 1458
    1459 1448 1459
    1460 1449 1460
    1461 1449 1461
    1462 1450 1462
    1463 1450 1463
    1464 1464 1465
    1465 1465 1466
    1466 1466 1467
    1467 1467 1468
    1468 1468 1469
    1469 1469 1470
    1470 1466 1470
    1471 1470 1471
    1472 1464 1472
    1473 1464 1473
    1474 1464 1474
    1475 1465 1475
    1476 1465 1476
    1477 1467 1477
    1478 1467 1478
    1479 1468 1479
    1480 1468 1480
    1481 1469 1481
    1482 1469 1482
    1483 1483 1484
    1484 1484 1485
    1485 1485 1486
    1486 1486 1487
    1487 1487 1488
    1488 1488 1489
    1489 1485 1489
    1490 1489 1490
    1491 1483 1491
    1492 1483 1492
    1493 1483 1493
    1494 1484 1494
    1495 1484 1495
    1496 1486 1496
    1497 1486 1497
    1498 1487 1498
    1499 1487 1499
    1500 1488 1500
    1501 1488 1501
    1502 1502 1503
    1503 1503 1504
    1504 1504 1505
    1505 1505 1506
    1506 1506 1507
    1507 1507 1508
    1508 1504 1508
    1509 1508 1509
    1510 1502 1510
    1511 1502 1511
    1512 1502 1512
    1513 1503 1513
    1514 1503 1514
    1515 1505 1515
    1516 1505 1516
    1517 1506 1517
    1518 1506 1518
    1519 1507 1519
    1520 1507 1520
    1521 1521 1522
    1522 1522 1523
    1523 1523 1524
    1524 1524 1525
    1525 1525 1526
    1526 1526 1527
    1527 1523 1527
    1528 1527 1528
    1529 1521 1529
    1530 1521 1530
    1531 1521 1531
    1532 1522 1532
    1533 1522 1533
    1534 1524 1534
    1535 1524 1535
    1536 1525 1536
    1537 1525 1537
    1538 1526 1538
    1539 1526 1539
    1540 1540 1541
    1541 1541 1542
    1542 1542 1543
    1543 1543 1544
    1544 1544 1545
    1545 1545 1546
    1546 1542 1546
    1547 1546 1547
    1548 1540 1548
    1549 1540 1549
    1550 1540 1550
    1551 1541 1551
    1552 1541 1552
    1553 1543 1553
    1554 1543 1554
    1555 1544 1555
    1556 1544 1556
    1557 1545 1557
    1558 1545 1558
    1559 1559 1560
    1560 1560 1561
    1561 1561 1562
    1562 1562 1563
    1563 1563 1564
    1564 1564 1565
    1565 1561 1565
    1566 1565 1566
    1567 1559 1567
    1568 1559 1568
    1569 1559 1569
    1570 1560 1570
    1571 1560 1571
    1572 1562 1572
    1573 1562 1573
    1574 1563 1574
    1575 1563 1575
    1576 1564 1576
    1577 1564 1577
    1578 1578 1579
    1579 1579 1580
    1580 1580 1581
    1581 1581 1582
    1582 1582 1583
    1583 1583 1584
    1584 1580 1584
    1585 1584 1585
    1586 1578 1586
    1587 1578 1587
    1588 1578 1588
    1589 1579 1589
    1590 1579 1590
    1591 1581 1591
    1592 1581 1592
    1593 1582 1593
    1594 1582 1594
    1595 1583 1595
    1596 1583 1596
    1597 1597 1598
    1598 1598 1599
    1599 1599 1600
    1600 1600 1601
    1601 1601 1602
    1602 1602 1603
    1603 1599 1603
    1604 1603 1604
    1605 1597 1605
    1606 1597 1606
    1607 1597 1607
    1608 1598 1608
    1609 1598 1609
    1610 1600 1610
    1611 1600 1611
    1612 1601 1612
    1613 1601 1613
    1614 1602 1614
    1615 1602 1615
    1616 1616 1617
    1617 1617 1618
    1618 1618 1619
    1619 1619 1620
    1620 1620 1621
    1621 1621 1622
    1622 1618 1622
    1623 1622 1623
    1624 1616 1624
    1625 1616 1625
    1626 1616 1626
    1627 1617 1627
    1628 1617 1628
    1629 1619 1629
    1630 1619 1630
    1631 1620 1631
    1632 1620 1632
    1633 1621 1633
    1634 1621 1634
    1635 1635 1636
    1636 1636 1637
    1637 1637 1638
    1638 1638 1639
    1639 1639 1640
    1640 1640 1641
    1641 1637 1641
    1642 1641 1642
    1643 1635 1643
    1644 1635 1644
    1645 1635 1645
    1646 1636 1646
    1647 1636 1647
    1648 1638 1648
    1649 1638 1649
    1650 1639 1650
    1651 1639 1651
    1652 1640 1652
    1653 1640 1653
    1654 1654 1655
    1655 1655 1656
    1656 1656 1657
    1657 1657 1658
    1658 1658 1659
    1659 1659 1660
    1660 1656 1660
    1661 1660 1661
    1662 1654 1662
    1663 1654 1663
    1664 1654 1664
    1665 1655 1665
    1666 1655 1666
    1667 1657 1667
    1668 1657 1668
    1669 1658 1669
    1670 1658 1670
    1671 1659 1671
    1672 1659 1672
    1673 1673 1674
    1674 1674 1675
    1675 1675 1676
    1676 1676 1677
    1677 1677 1678
    1678 1678 1679
    1679 1675 1679
    1680 1679 1680
    1681 1673 1681
    1682 1673 1682
    1683 1673 1683
    1684 1674 1684
    1685 1674 1685
    1686 1676 1686
    1687 1676 1687
    1688 1677 1688
    1689 1677 1689
    1690 1678 1690
    1691 1678 1691
    1692 1692 1693
    1693 1693 1694
    1694 1694 1695
    1695 1695 1696
    1696 1696 1697
    1697 1697 1698
    1698 1694 1698
    1699 1698 1699
    1700 1692 1700
    1701 1692 1701
    1702 1692 1702
    1703 1693 1703
    1704 1693 1704
    1705 1695 1705
    1706 1695 1706
    1707 1696 1707
    1708 1696 1708
    1709 1697 1709
    1710 1697 1710
    1711 1711 1712
    1712 1712 1713
    1713 1713 1714
    1714 1714 1715
    1715 1715 1716
    1716 1716 1717
    1717 1713 1717
    1718 1717 1718
    1719 1711 1719
    1720 1711 1720
    1721 1711 1721
    1722 1712 1722
    1723 1712 1723
    1724 1714 1724
    1725 1714 1725
    1726 1715 1726
    1727 1715 1727
    1728 1716 1728
    1729 1716 1729
    1730 1730 1731
    1731 1731 1732
    1732 1732 1733
    1733 1733 1734
    1734 1734 1735
    1735 1735 1736
    1736 1732 1736
    1737 1736 1737
    1738 1730 1738
    1739 1730 1739
    1740 1730 1740
    1741 1731 1741
    1742 1731 1742
    1743 1733 1743
    1744 1733 1744
    1745 1734 1745
    1746 1734 1746
    1747 1735 1747
    1748 1735 1748
    1749 1749 1750
    1750 1750 1751
    1751 1751 1752
    1752 1752 1753
    1753 1753 1754
    1754 1754 1755
    1755 1751 1755
    1756 1755 1756
    1757 1749 1757
    1758 1749 1758
    1759 1749 1759
    1760 1750 1760
    1761 1750 1761
    1762 1752 1762
    1763 1752 1763
    1764 1753 1764
    1765 1753 1765
    1766 1754 1766
    1767 1754 1767
    1768 1768 1769
    1769 1769 1770
    1770 1770 1771
    1771 1771 1772
    1772 1772 1773
    1773 1773 1774
    1774 1770 1774
    1775 1774 1775
    1776 1768 1776
    1777 1768 1777
    1778 1768 1778
    1779 1769 1779
    1780 1769 1780
    1781 1771 1781
    1782 1771 1782
    1783 1772 1783
    1784 1772 1784
    1785 1773 1785
    1786 1773 1786
    1787 1787 1788
    1788 1788 1789
    1789 1789 1790
    1790 1790 1791
    1791 1791 1792
    1792 1792 1793
    1793 1789 1793
    1794 1793 1794
    1795 1787 1795
    1796 1787 1796
    1797 1787 1797
    1798 1788 1798
    1799 1788 1799
    1800 1790 1800
    1801 1790 1801
    1802 1791 1802
    1803 1791 1803
    1804 1792 1804
    1805 1792 1805
    1806 1806 1807
    1807 1807 1808
    1808 1808 1809
    1809 1809 1810
    1810 1810 1811
    1811 1811 1812
    1812 1808 1812
    1813 1812 1813
    1814 1806 1814
    1815 1806 1815
    1816 1806 1816
    1817 1807 1817
    1818 1807 1818
    1819 1809 1819
    1820 1809 1820
    1821 1810 1821
    1822 1810 1822
    1823 1811 1823
    1824 1811 1824
    1825 1825 1826
    1826 1826 1827
    1827 1827 1828
    1828 1828 1829
    1829 1829 1830
    1830 1830 1831
    1831 1827 1831
    1832 1831 1832
    1833 1825 1833
    1834 1825 1834
    1835 1825 1835
    1836 1826 1836
    1837 1826 1837
    1838 1828 1838
    1839 1828 1839
    1840 1829 1840
    1841 1829 1841
    1842 1830 1842
    1843 1830 1843
    1844 1844 1845
    1845 1845 1846
    1846 1846 1847
    1847 1847 1848
    1848 1848 1849
    1849 1849 1850
    1850 1846 1850
    1851 1850 1851
    1852 1844 1852
    1853 1844 1853
    1854 1844 1854
    1855 1845 1855
    1856 1845 1856
    1857 1847 1857
    1858 1847 1858
    1859 1848 1859
    1860 1848 1860
    1861 1849 1861
    1862 1849 1862
    1863 1863 1864
    1864 1864 1865
    1865 1865 1866
    1866 1866 1867
    1867 1867 1868
    1868 1868 1869
    1869 1865 1869
    1870 1869 1870
    1871 1863 1871
    1872 1863 1872
    1873 1863 1873
    1874 1864 1874
    1875 1864 1875
    1876 1866 1876
    1877 1866 1877
    1878 1867 1878
    1879 1867 1879
    1880 1868 1880
    1881 1868 1881
    1882 1882 1883
    1883 1883 1884
    1884 1884 1885
    1885 1885 1886
    1886 1886 1887
    1887 1887 1888
    1888 1884 1888
    1889 1888 1889
    1890 1882 1890
    1891 1882 1891
    1892 1882 1892
    1893 1883 1893
    1894 1883 1894
    1895 1885 1895
    1896 1885 1896
    1897 1886 1897
    1898 1886 1898
    1899 1887 1899
    1900 1887 1900
    1901 1901 1902
    1902 1902 1903
    1903 1903 1904
    1904 1904 1905
    1905 1905 1906
    1906 1906 1907
    1907 1903 1907
    1908 1907 1908
    1909 1901 1909
    1910 1901 1910
    1911 1901 1911
    1912 1902 1912
    1913 1902 1913
    1914 1904 1914
    1915 1904 1915
    1916 1905 1916
    1917 1905 1917
    1918 1906 1918
    1919 1906 1919
    1920 1920 1921
    1921 1921 1922
    1922 1922 1923
    1923 1923 1924
    1924 1924 1925
    1925 1925 1926
    1926 1922 1926
    1927 1926 1927
    1928 1920 1928
    1929 1920 1929
    1930 1920 1930
    1931 1921 1931
    1932 1921 1932
    1933 1923 1933
    1934 1923 1934
    1935 1924 1935
    1936 1924 1936
    1937 1925 1937
    1938 1925 1938
    1939 1939 1940
    1940 1940 1941
    1941 1941 1942
    1942 1942 1943
    1943 1943 1944
    1944 1944 1945
    1945 1941 1945
    1946 1945 1946
    1947 1939 1947
    1948 1939 1948
    1949 1939 1949
    1950 1940 1950
    1951 1940 1951
    1952 1942 1952
    1953 1942 1953
    1954 1943 1954
    1955 1943 1955
    1956 1944 1956
    1957 1944 1957
    1958 1958 1959
    1959 1959 1960
    1960 1960 1961
    1961 1961 1962
    1962 1962 1963
    1963 1963 1964
    1964 1960 1964
    1965 1964 1965
    1966 1958 1966
    1967 1958 1967
    1968 1958 1968
    1969 1959 1969
    1970 1959 1970
    1971 1961 1971
    1972 1961 1972
    1973 1962 1973
    1974 1962 1974
    1975 1963 1975
    1976 1963 1976
    1977 1977 1978
    1978 1978 1979
    1979 1979 1980
    1980 1980 1981
    1981 1981 1982
    1982 1982 1983
    1983 1979 1983
    1984 1983 1984
    1985 1977 1985
    1986 1977 1986
    1987 1977 1987
    1988 1978 1988
    1989 1978 1989
    1990 1980 1990
    1991 1980 1991
    1992 1981 1992
    1993 1981 1993
    1994 1982 1994
    1995 1982 1995
    1996 1996 1997
    1997 1997 1998
    1998 1998 1999
    1999 1999 2000
    2000 2000 2001
    2001 2001 2002
    2002 1998 2002
    2003 2002 2003
    2004 1996 2004
    2005 1996 2005
    2006 1996 2006
    2007 1997 2007
    2008 1997 2008
    2009 1999 2009
    2010 1999 2010
    2011 2000 2011
    2012 2000 2012
    2013 2001 2013
    2014 2001 2014
    2015 2015 2016
    2016 2016 2017
    2017 2017 2018
    2018 2018 2019
    2019 2019 2020
    2020 2020 2021
    2021 2017 2021
    2022 2021 2022
    2023 2015 2023
    2024 2015 2024
    2025 2015 2025
    2026 2016 2026
    2027 2016 2027
    2028 2018 2028
    2029 2018 2029
    2030 2019 2030
    2031 2019 2031
    2032 2020 2032
    2033 2020 2033
    2034 2034 2035
    2035 2035 2036
    2036 2036 2037
    2037 2037 2038
    2038 2038 2039
    2039 2039 2040
    2040 2036 2040
    2041 2040 2041
    2042 2034 2042
    2043 2034 2043
    2044 2034 2044
    2045 2035 2045
    2046 2035 2046
    2047 2037 2047
    2048 2037 2048
    2049 2038 2049
    2050 2038 2050
    2051 2039 2051
    2052 2039 2052
    2053 2053 2054
    2054 2054 2055
    2055 2055 2056
    2056 2056 2057
    2057 2057 2058
    2058 2058 2059
    2059 2055 2059
    2060 2059 2060
    2061 2053 2061
    2062 2053 2062
    2063 2053 2063
    2064 2054 2064
    2065 2054 2065
    2066 2056 2066
    2067 2056 2067
    2068 2057 2068
    2069 2057 2069
    2070 2058 2070
    2071 2058 2071
    2072 2072 2073
    2073 2073 2074
    2074 2074 2075
    2075 2075 2076
    2076 2076 2077
    2077 2077 2078
    2078 2074 2078
    2079 2078 2079
    2080 2072 2080
    2081 2072 2081
    2082 2072 2082
    2083 2073 2083
    2084 2073 2084
    2085 2075 2085
    2086 2075 2086
    2087 2076 2087
    2088 2076 2088
    2089 2077 2089
    2090 2077 2090
    2091 2091 2092
    2092 2092 2093
    2093 2093 2094
    2094 2094 2095
    2095 2095 2096
    2096 2096 2097
    2097 2093 2097
    2098 2097 2098
    2099 2091 2099
    2100 2091 2100
    2101 2091 2101
    2102 2092 2102
    2103 2092 2103
    2104 2094 2104
    2105 2094 2105
    2106 2095 2106
    2107 2095 2107
    2108 2096 2108
    2109 2096 2109
    2110 2110 2111
    2111 2111 2112
    2112 2112 2113
    2113 2113 2114
    2114 2114 2115
    2115 2115 2116
    2116 2112 2116
    2117 2116 2117
    2118 2110 2118
    2119 2110 2119
    2120 2110 2120
    2121 2111 2121
    2122 2111 2122
    2123 2113 2123
    2124 2113 2124
    2125 2114 2125
    2126 2114 2126
    2127 2115 2127
    2128 2115 2128
    2129 2129 2130
    2130 2130 2131
    2131 2131 2132
    2132 2132 2133
    2133 2133 2134
    2134 2134 2135
    2135 2131 2135
    2136 2135 2136
    2137 2129 2137
    2138 2129 2138
    2139 2129 2139
    2140 2130 2140
    2141 2130 2141
    2142 2132 2142
    2143 2132 2143
    2144 2133 2144
    2145 2133 2145
    2146 2134 2146
    2147 2134 2147
    2148 2148 2149
    2149 2149 2150
    2150 2150 2151
    2151 2151 2152
    2152 2152 2153
    2153 2153 2154
    2154 2150 2154
    2155 2154 2155
    2156 2148 2156
    2157 2148 2157
    2158 2148 2158
    2159 2149 2159
    2160 2149 2160
    2161 2151 2161
    2162 2151 2162
    2163 2152 2163
    2164 2152 2164
    2165 2153 2165
    2166 2153 2166
    2167 2167 2168
    2168 2168 2169
    2169 2169 2170
    2170 2170 2171
    2171 2171 2172
    2172 2172 2173
    2173 2169 2173
    2174 2173 2174
    2175 2167 2175
    2176 2167 2176
    2177 2167 2177
    2178 2168 2178
    2179 2168 2179
    2180 2170 2180
    2181 2170 2181
    2182 2171 2182
    2183 2171 2183
    2184 2172 2184
    2185 2172 2185
    2186 2186 2187
    2187 2187 2188
    2188 2188 2189
    2189 2189 2190
    2190 2190 2191
    2191 2191 2192
    2192 2188 2192
    2193 2192 2193
    2194 2186 2194
    2195 2186 2195
    2196 2186 2196
    2197 2187 2197
    2198 2187 2198
    2199 2189 2199
    2200 2189 2200
    2201 2190 2201
    2202 2190 2202
    2203 2191 2203
    2204 2191 2204
    2205 2205 2206
    2206 2206 2207
    2207 2207 2208
    2208 2208 2209
    2209 2209 2210
    2210 2210 2211
    2211 2207 2211
    2212 2211 2212
    2213 2205 2213
    2214 2205 2214
    2215 2205 2215
    2216 2206 2216
    2217 2206 2217
    2218 2208 2218
    2219 2208 2219
    2220 2209 2220
    2221 2209 2221
    2222 2210 2222
    2223 2210 2223
    2224 2224 2225
    2225 2225 2226
    2226 2226 2227
    2227 2227 2228
    2228 2228 2229
    2229 2229 2230
    2230 2226 2230
    2231 2230 2231
    2232 2224 2232
    2233 2224 2233
    2234 2224 2234
    2235 2225 2235
    2236 2225 2236
    2237 2227 2237
    2238 2227 2238
    2239 2228 2239
    2240 2228 2240
    2241 2229 2241
    2242 2229 2242
    2243 2243 2244
    2244 2244 2245
    2245 2245 2246
    2246 2246 2247
    2247 2247 2248
    2248 2248 2249
    2249 2245 2249
    2250 2249 2250
    2251 2243 2251
    2252 2243 2252
    2253 2243 2253
    2254 2244 2254
    2255 2244 2255
    2256 2246 2256
    2257 2246 2257
    2258 2247 2258
    2259 2247 2259
    2260 2248 2260
    2261 2248 2261
    2262 2262 2263
    2263 2263 2264
    2264 2264 2265
    2265 2265 2266
    2266 2266 2267
    2267 2267 2268
    2268 2264 2268
    2269 2268 2269
    2270 2262 2270
    2271 2262 2271
    2272 2262 2272
    2273 2263 2273
    2274 2263 2274
    2275 2265 2275
    2276 2265 2276
    2277 2266 2277
    2278 2266 2278
    2279 2267 2279
    2280 2267 2280
    2281 2281 2282
    2282 2282 2283
    2283 2283 2284
    2284 2284 2285
    2285 2285 2286
    2286 2286 2287
    2287 2283 2287
    2288 2287 2288
    2289 2281 2289
    2290 2281 2290
    2291 2281 2291
    2292 2282 2292
    2293 2282 2293
    2294 2284 2294
    2295 2284 2295
    2296 2285 2296
    2297 2285 2297
    2298 2286 2298
    2299 2286 2299
    2300 2300 2301
    2301 2301 2302
    2302 2302 2303
    2303 2303 2304
    2304 2304 2305
    2305 2305 2306
    2306 2302 2306
    2307 2306 2307
    2308 2300 2308
    2309 2300 2309
    2310 2300 2310
    2311 2301 2311
    2312 2301 2312
    2313 2303 2313
    2314 2303 2314
    2315 2304 2315
    2316 2304 2316
    2317 2305 2317
    2318 2305 2318
    2319 2319 2320
    2320 2320 2321
    2321 2321 2322
    2322 2322 2323
    2323 2323 2324
    2324 2324 2325
    2325 2321 2325
    2326 2325 2326
    2327 2319 2327
    2328 2319 2328
    2329 2319 2329
    2330 2320 2330
    2331 2320 2331
    2332 2322 2332
    2333 2322 2333
    2334 2323 2334
    2335 2323 2335
    2336 2324 2336
    2337 2324 2337
    2338 2338 2339
    2339 2339 2340
    2340 2340 2341
    2341 2341 2342
    2342 2342 2343
    2343 2343 2344
    2344 2340 2344
    2345 2344 2345
    2346 2338 2346
    2347 2338 2347
    2348 2338 2348
    2349 2339 2349
    2350 2339 2350
    2351 2341 2351
    2352 2341 2352
    2353 2342 2353
    2354 2342 2354
    2355 2343 2355
    2356 2343 2356
    2357 2357 2358
    2358 2358 2359
    2359 2359 2360
    2360 2360 2361
    2361 2361 2362
    2362 2362 2363
    2363 2359 2363
    2364 2363 2364
    2365 2357 2365
    2366 2357 2366
    2367 2357 2367
    2368 2358 2368
    2369 2358 2369
    2370 2360 2370
    2371 2360 2371
    2372 2361 2372
    2373 2361 2373
    2374 2362 2374
    2375 2362 2375
    2376 2376 2377
    2377 2377 2378
    2378 2378 2379
    2379 2379 2380
    2380 2380 2381
    2381 2381 2382
    2382 2378 2382
    2383 2382 2383
    2384 2376 2384
    2385 2376 2385
    2386 2376 2386
    2387 2377 2387
    2388 2377 2388
    2389 2379 2389
    2390 2379 2390
    2391 2380 2391
    2392 2380 2392
    2393 2381 2393
    2394 2381 2394
    2395 2395 2396
    2396 2396 2397
    2397 2397 2398
    2398 2398 2399
    2399 2399 2400
    2400 2400 2401
    2401 2397 2401
    2402 2401 2402
    2403 2395 2403
    2404 2395 2404
    2405 2395 2405
    2406 2396 2406
    2407 2396 2407
    2408 2398 2408
    2409 2398 2409
    2410 2399 2410
    2411 2399 2411
    2412 2400 2412
    2413 2400 2413
    2414 2414 2415
    2415 2415 2416
    2416 2416 2417
    2417 2417 2418
    2418 2418 2419
    2419 2419 2420
    2420 2416 2420
    2421 2420 2421
    2422 2414 2422
    2423 2414 2423
    2424 2414 2424
    2425 2415 2425
    2426 2415 2426
    2427 2417 2427
    2428 2417 2428
    2429 2418 2429
    2430 2418 2430
    2431 2419 2431
    2432 2419 2432
    2433 2433 2434
    2434 2434 2435
    2435 2435 2436
    2436 2436 2437
    2437 2437 2438
    2438 2438 2439
    2439 2435 2439
    2440 2439 2440
    2441 2433 2441
    2442 2433 2442
    2443 2433 2443
    2444 2434 2444
    2445 2434 2445
    2446 2436 2446
    2447 2436 2447
    2448 2437 2448
    2449 2437 2449
    2450 2438 2450
    2451 2438 2451
    2452 2452 2453
    2453 2453 2454
    2454 2454 2455
    2455 2455 2456
    2456 2456 2457
    2457 2457 2458
    2458 2454 2458
    2459 2458 2459
    2460 2452 2460
    2461 2452 2461
    2462 2452 2462
    2463 2453 2463
    2464 2453 2464
    2465 2455 2465
    2466 2455 2466
    2467 2456 2467
    2468 2456 2468
    2469 2457 2469
    2470 2457 2470
    2471 2471 2472
    2472 2472 2473
    2473 2473 2474
    2474 2474 2475
    2475 2475 2476
    2476 2476 2477
    2477 2473 2477
    2478 2477 2478
    2479 2471 2479
    2480 2471 2480
    2481 2471 2481
    2482 2472 2482
    2483 2472 2483
    2484 2474 2484
    2485 2474 2485
    2486 2475 2486
    2487 2475 2487
    2488 2476 2488
    2489 2476 2489
    2490 2490 2491
    2491 2491 2492
    2492 2492 2493
    2493 2493 2494
    2494 2494 2495
    2495 2495 2496
    2496 2492 2496
    2497 2496 2497
    2498 2490 2498
    2499 2490 2499
    2500 2490 2500
    2501 2491 2501
    2502 2491 2502
    2503 2493 2503
    2504 2493 2504
    2505 2494 2505
    2506 2494 2506
    2507 2495 2507
    2508 2495 2508
    2509 2509 2510
    2510 2510 2511
    2511 2511 2512
    2512 2512 2513
    2513 2513 2514
    2514 2514 2515
    2515 2511 2515
    2516 2515 2516
    2517 2509 2517
    2518 2509 2518
    2519 2509 2519
    2520 2510 2520
    2521 2510 2521
    2522 2512 2522
    2523 2512 2523
    2524 2513 2524
    2525 2513 2525
    2526 2514 2526
    2527 2514 2527
    2528 2528 2529
    2529 2529 2530
    2530 2530 2531
    2531 2531 2532
    2532 2532 2533
    2533 2533 2534
    2534 2530 2534
    2535 2534 2535
    2536 2528 2536
    2537 2528 2537
    2538 2528 2538
    2539 2529 2539
    2540 2529 2540
    2541 2531 2541
    2542 2531 2542
    2543 2532 2543
    2544 2532 2544
    2545 2533 2545
    2546 2533 2546
    2547 2547 2548
    2548 2548 2549
    2549 2549 2550
    2550 2550 2551
    2551 2551 2552
    2552 2552 2553
    2553 2549 2553
    2554 2553 2554
    2555 2547 2555
    2556 2547 2556
    2557 2547 2557
    2558 2548 2558
    2559 2548 2559
    2560 2550 2560
    2561 2550 2561
    2562 2551 2562
    2563 2551 2563
    2564 2552 2564
    2565 2552 2565
    2566 2566 2567
    2567 2567 2568
    2568 2568 2569
    2569 2569 2570
    2570 2570 2571
    2571 2571 2572
    2572 2568 2572
    2573 2572 2573
    2574 2566 2574
    2575 2566 2575
    2576 2566 2576
    2577 2567 2577
    2578 2567 2578
    2579 2569 2579
    2580 2569 2580
    2581 2570 2581
    2582 2570 2582
    2583 2571 2583
    2584 2571 2584
    2585 2585 2586
    2586 2586 2587
    2587 2587 2588
    2588 2588 2589
    2589 2589 2590
    2590 2590 2591
    2591 2587 2591
    2592 2591 2592
    2593 2585 2593
    2594 2585 2594
    2595 2585 2595
    2596 2586 2596
    2597 2586 2597
    2598 2588 2598
    2599 2588 2599
    2600 2589 2600
    2601 2589 2601
    2602 2590 2602
    2603 2590 2603
    2604 2604 2605
    2605 2605 2606
    2606 2606 2607
    2607 2607 2608
    2608 2608 2609
    2609 2609 2610
    2610 2606 2610
    2611 2610 2611
    2612 2604 2612
    2613 2604 2613
    2614 2604 2614
    2615 2605 2615
    2616 2605 2616
    2617 2607 2617
    2618 2607 2618
    2619 2608 2619
    2620 2608 2620
    2621 2609 2621
    2622 2609 2622
    2623 2623 2624
    2624 2624 2625
    2625 2625 2626
    2626 2626 2627
    2627 2627 2628
    2628 2628 2629
    2629 2625 2629
    2630 2629 2630
    2631 2623 2631
    2632 2623 2632
    2633 2623 2633
    2634 2624 2634
    2635 2624 2635
    2636 2626 2636
    2637 2626 2637
    2638 2627 2638
    2639 2627 2639
    2640 2628 2640
    2641 2628 2641
    2642 2642 2643
    2643 2643 2644
    2644 2644 2645
    2645 2645 2646
    2646 2646 2647
    2647 2647 2648
    2648 2644 2648
    2649 2648 2649
    2650 2642 2650
    2651 2642 2651
    2652 2642 2652
    2653 2643 2653
    2654 2643 2654
    2655 2645 2655
    2656 2645 2656
    2657 2646 2657
    2658 2646 2658
    2659 2647 2659
    2660 2647 2660
    2661 2661 2662
    2662 2662 2663
    2663 2663 2664
    2664 2664 2665
    2665 2665 2666
    2666 2666 2667
    2667 2663 2667
    2668 2667 2668
    2669 2661 2669
    2670 2661 2670
    2671 2661 2671
    2672 2662 2672
    2673 2662 2673
    2674 2664 2674
    2675 2664 2675
    2676 2665 2676
    2677 2665 2677
    2678 2666 2678
    2679 2666 2679
    2680 2680 2681
    2681 2681 2682
    2682 2682 2683
    2683 2683 2684
    2684 2684 2685
    2685 2685 2686
    2686 2682 2686
    2687 2686 2687
    2688 2680 2688
    2689 2680 2689
    2690 2680 2690
    2691 2681 2691
    2692 2681 2692
    2693 2683 2693
    2694 2683 2694
    2695 2684 2695
    2696 2684 2696
    2697 2685 2697
    2698 2685 2698
    2699 2699 2700
    2700 2700 2701
    2701 2701 2702
    2702 2702 2703
    2703 2703 2704
    2704 2704 2705
    2705 2701 2705
    2706 2705 2706
    2707 2699 2707
    2708 2699 2708
    2709 2699 2709
    2710 2700 2710
    2711 2700 2711
    2712 2702 2712
    2713 2702 2713
    2714 2703 2714
    2715 2703 2715
    2716 2704 2716
    2717 2704 2717
    2718 2718 2719
    2719 2719 2720
    2720 2720 2721
    2721 2721 2722
    2722 2722 2723
    2723 2723 2724
    2724 2720 2724
    2725 2724 2725
    2726 2718 2726
    2727 2718 2727
    2728 2718 2728
    2729 2719 2729
    2730 2719 2730
    2731 2721 2731
    2732 2721 2732
    2733 2722 2733
    2734 2722 2734
    2735 2723 2735
    2736 2723 2736
    2737 2737 2738
    2738 2738 2739
    2739 2739 2740
    2740 2740 2741
    2741 2741 2742
    2742 2742 2743
    2743 2739 2743
    2744 2743 2744
    2745 2737 2745
    2746 2737 2746
    2747 2737 2747
    2748 2738 2748
    2749 2738 2749
    2750 2740 2750
    2751 2740 2751
    2752 2741 2752
    2753 2741 2753
    2754 2742 2754
    2755 2742 2755
    2756 2756 2757
    2757 2757 2758
    2758 2758 2759
    2759 2759 2760
    2760 2760 2761
    2761 2761 2762
    2762 2758 2762
    2763 2762 2763
    2764 2756 2764
    2765 2756 2765
    2766 2756 2766
    2767 2757 2767
    2768 2757 2768
    2769 2759 2769
    2770 2759 2770
    2771 2760 2771
    2772 2760 2772
    2773 2761 2773
    2774 2761 2774
    2775 2775 2776
    2776 2776 2777
    2777 2777 2778
    2778 2778 2779
    2779 2779 2780
    2780 2780 2781
    2781 2777 2781
    2782 2781 2782
    2783 2775 2783
    2784 2775 2784
    2785 2775 2785
    2786 2776 2786
    2787 2776 2787
    2788 2778 2788
    2789 2778 2789
    2790 2779 2790
    2791 2779 2791
    2792 2780 2792
    2793 2780 2793
    2794 2794 2795
    2795 2795 2796
    2796 2796 2797
    2797 2797 2798
    2798 2798 2799
    2799 2799 2800
    2800 2796 2800
    2801 2800 2801
    2802 2794 2802
    2803 2794 2803
    2804 2794 2804
    2805 2795 2805
    2806 2795 2806
    2807 2797 2807
    2808 2797 2808
    2809 2798 2809
    2810 2798 2810
    2811 2799 2811
    2812 2799 2812
    2813 2813 2814
    2814 2814 2815
    2815 2815 2816
    2816 2816 2817
    2817 2817 2818
    2818 2818 2819
    2819 2815 2819
    2820 2819 2820
    2821 2813 2821
    2822 2813 2822
    2823 2813 2823
    2824 2814 2824
    2825 2814 2825
    2826 2816 2826
    2827 2816 2827
    2828 2817 2828
    2829 2817 2829
    2830 2818 2830
    2831 2818 2831
    2832 2832 2833
    2833 2833 2834
    2834 2834 2835
    2835 2835 2836
    2836 2836 2837
    2837 2837 2838
    2838 2834 2838
    2839 2838 2839
    2840 2832 2840
    2841 2832 2841
    2842 2832 2842
    2843 2833 2843
    2844 2833 2844
    2845 2835 2845
    2846 2835 2846
    2847 2836 2847
    2848 2836 2848
    2849 2837 2849
    2850 2837 2850
    2851 2851 2852
    2852 2852 2853
    2853 2853 2854
    2854 2854 2855
    2855 2855 2856
    2856 2856 2857
    2857 2853 2857
    2858 2857 2858
    2859 2851 2859
    2860 2851 2860
    2861 2851 2861
    2862 2852 2862
    2863 2852 2863
    2864 2854 2864
    2865 2854 2865
    2866 2855 2866
    2867 2855 2867
    2868 2856 2868
    2869 2856 2869
    2870 2870 2871
    2871 2871 2872
    2872 2872 2873
    2873 2873 2874
    2874 2874 2875
    2875 2875 2876
    2876 2872 2876
    2877 2876 2877
    2878 2870 2878
    2879 2870 2879
    2880 2870 2880
    2881 2871 2881
    2882 2871 2882
    2883 2873 2883
    2884 2873 2884
    2885 2874 2885
    2886 2874 2886
    2887 2875 2887
    2888 2875 2888
    2889 2889 2890
    2890 2890 2891
    2891 2891 2892
    2892 2892 2893
    2893 2893 2894
    2894 2894 2895
    2895 2891 2895
    2896 2895 2896
    2897 2889 2897
    2898 2889 2898
    2899 2889 2899
    2900 2890 2900
    2901 2890 2901
    2902 2892 2902
    2903 2892 2903
    2904 2893 2904
    2905 2893 2905
    2906 2894 2906
    2907 2894 2907
    2908 2908 2909
    2909 2909 2910
    2910 2910 2911
    2911 2911 2912
    2912 2912 2913
    2913 2913 2914
    2914 2910 2914
    2915 2914 2915
    2916 2908 2916
    2917 2908 2917
    2918 2908 2918
    2919 2909 2919
    2920 2909 2920
    2921 2911 2921
    2922 2911 2922
    2923 2912 2923
    2924 2912 2924
    2925 2913 2925
    2926 2913 2926
    2927 2927 2928
    2928 2928 2929
    2929 2929 2930
    2930 2930 2931
    2931 2931 2932
    2932 2932 2933
    2933 2929 2933
    2934 2933 2934
    2935 2927 2935
    2936 2927 2936
    2937 2927 2937
    2938 2928 2938
    2939 2928 2939
    2940 2930 2940
    2941 2930 2941
    2942 2931 2942
    2943 2931 2943
    2944 2932 2944
    2945 2932 2945
    2946 2946 2947
    2947 2947 2948
    2948 2948 2949
    2949 2949 2950
    2950 2950 2951
    2951 2951 2952
    2952 2948 2952
    2953 2952 2953
    2954 2946 2954
    2955 2946 2955
    2956 2946 2956
    2957 2947 2957
    2958 2947 2958
    2959 2949 2959
    2960 2949 2960
    2961 2950 2961
    2962 2950 2962
    2963 2951 2963
    2964 2951 2964
    2965 2965 2966
    2966 2966 2967
    2967 2967 2968
    2968 2968 2969
    2969 2969 2970
    2970 2970 2971
    2971 2967 2971
    2972 2971 2972
    2973 2965 2973
    2974 2965 2974
    2975 2965 2975
    2976 2966 2976
    2977 2966 2977
    2978 2968 2978
    2979 2968 2979
    2980 2969 2980
    2981 2969 2981
    2982 2970 2982
    2983 2970 2983
    2984 2984 2985
    2985 2985 2986
    2986 2986 2987
    2987 2987 2988
    2988 2988 2989
    2989 2989 2990
    2990 2986 2990
    2991 2990 2991
    2992 2984 2992
    2993 2984 2993
    2994 2984 2994
    2995 2985 2995
    2996 2985 2996
    2997 2987 2997
    2998 2987 2998
    2999 2988 2999
    3000 2988 3000
    3001 2989 3001
    3002 2989 3002
    3003 3003 3004
    3004 3004 3005
    3005 3005 3006
    3006 3006 3007
    3007 3007 3008
    3008 3008 3009
    3009 3005 3009
    3010 3009 3010
    3011 3003 3011
    3012 3003 3012
    3013 3003 3013
    3014 3004 3014
    3015 3004 3015
    3016 3006 3016
    3017 3006 3017
    3018 3007 3018
    3019 3007 3019
    3020 3008 3020
    3021 3008 3021
    3022 3022 3023
    3023 3023 3024
    3024 3024 3025
    3025 3025 3026
    3026 3026 3027
    3027 3027 3028
    3028 3024 3028
    3029 3028 3029
    3030 3022 3030
    3031 3022 3031
    3032 3022 3032
    3033 3023 3033
    3034 3023 3034
    3035 3025 3035
    3036 3025 3036
    3037 3026 3037
    3038 3026 3038
    3039 3027 3039
    3040 3027 3040
    3041 3041 3042
    3042 3042 3043
    3043 3043 3044
    3044 3044 3045
    3045 3045 3046
    3046 3046 3047
    3047 3043 3047
    3048 3047 3048
    3049 3041 3049
    3050 3041 3050
    3051 3041 3051
    3052 3042 3052
    3053 3042 3053
    3054 3044 3054
    3055 3044 3055
    3056 3045 3056
    3057 3045 3057
    3058 3046 3058
    3059 3046 3059
    3060 3060 3061
    3061 3061 3062
    3062 3062 3063
    3063 3063 3064
    3064 3064 3065
    3065 3065 3066
    3066 3062 3066
    3067 3066 3067
    3068 3060 3068
    3069 3060 3069
    3070 3060 3070
    3071 3061 3071
    3072 3061 3072
    3073 3063 3073
    3074 3063 3074
    3075 3064 3075
    3076 3064 3076
    3077 3065 3077
    3078 3065 3078
    3079 3079 3080
    3080 3080 3081
    3081 3081 3082
    3082 3082 3083
    3083 3083 3084
    3084 3084 3085
    3085 3081 3085
    3086 3085 3086
    3087 3079 3087
    3088 3079 3088
    3089 3079 3089
    3090 3080 3090
    3091 3080 3091
    3092 3082 3092
    3093 3082 3093
    3094 3083 3094
    3095 3083 3095
    3096 3084 3096
    3097 3084 3097
    3098 3098 3099
    3099 3099 3100
    3100 3100 3101
    3101 3101 3102
    3102 3102 3103
    3103 3103 3104
    3104 3100 3104
    3105 3104 3105
    3106 3098 3106
    3107 3098 3107
    3108 3098 3108
    3109 3099 3109
    3110 3099 3110
    3111 3101 3111
    3112 3101 3112
    3113 3102 3113
    3114 3102 3114
    3115 3103 3115
    3116 3103 3116
    3117 3117 3118
    3118 3118 3119
    3119 3119 3120
    3120 3120 3121
    3121 3121 3122
    3122 3122 3123
    3123 3119 3123
    3124 3123 3124
    3125 3117 3125
    3126 3117 3126
    3127 3117 3127
    3128 3118 3128
    3129 3118 3129
    3130 3120 3130
    3131 3120 3131
    3132 3121 3132
    3133 3121 3133
    3134 3122 3134
    3135 3122 3135
    3136 3136 3137
    3137 3137 3138
    3138 3138 3139
    3139 3139 3140
    3140 3140 3141
    3141 3141 3142
    3142 3138 3142
    3143 3142 3143
    3144 3136 3144
    3145 3136 3145
    3146 3136 3146
    3147 3137 3147
    3148 3137 3148
    3149 3139 3149
    3150 3139 3150
    3151 3140 3151
    3152 3140 3152
    3153 3141 3153
    3154 3141 3154
    3155 3155 3156
    3156 3156 3157
    3157 3157 3158
    3158 3158 3159
    3159 3159 3160
    3160 3160 3161
    3161 3157 3161
    3162 3161 3162
    3163 3155 3163
    3164 3155 3164
    3165 3155 3165
    3166 3156 3166
    3167 3156 3167
    3168 3158 3168
    3169 3158 3169
    3170 3159 3170
    3171 3159 3171
    3172 3160 3172
    3173 3160 3173
    3174 3174 3175
    3175 3175 3176
    3176 3176 3177
    3177 3177 3178
    3178 3178 3179
    3179 3179 3180
    3180 3176 3180
    3181 3180 3181
    3182 3174 3182
    3183 3174 3183
    3184 3174 3184
    3185 3175 3185
    3186 3175 3186
    3187 3177 3187
    3188 3177 3188
    3189 3178 3189
    3190 3178 3190
    3191 3179 3191
    3192 3179 3192
    3193 3193 3194
    3194 3194 3195
    3195 3195 3196
    3196 3196 3197
    3197 3197 3198
    3198 3198 3199
    3199 3195 3199
    3200 3199 3200
    3201 3193 3201
    3202 3193 3202
    3203 3193 3203
    3204 3194 3204
    3205 3194 3205
    3206 3196 3206
    3207 3196 3207
    3208 3197 3208
    3209 3197 3209
    3210 3198 3210
    3211 3198 3211
    3212 3212 3213
    3213 3213 3214
    3214 3214 3215
    3215 3215 3216
    3216 3216 3217
    3217 3217 3218
    3218 3214 3218
    3219 3218 3219
    3220 3212 3220
    3221 3212 3221
    3222 3212 3222
    3223 3213 3223
    3224 3213 3224
    3225 3215 3225
    3226 3215 3226
    3227 3216 3227
    3228 3216 3228
    3229 3217 3229
    3230 3217 3230
    3231 3231 3232
    3232 3232 3233
    3233 3233 3234
    3234 3234 3235
    3235 3235 3236
    3236 3236 3237
    3237 3233 3237
    3238 3237 3238
    3239 3231 3239
    3240 3231 3240
    3241 3231 3241
    3242 3232 3242
    3243 3232 3243
    3244 3234 3244
    3245 3234 3245
    3246 3235 3246
    3247 3235 3247
    3248 3236 3248
    3249 3236 3249
    3250 3250 3251
    3251 3251 3252
    3252 3252 3253
    3253 3253 3254
    3254 3254 3255
    3255 3255 3256
    3256 3252 3256
    3257 3256 3257
    3258 3250 3258
    3259 3250 3259
    3260 3250 3260
    3261 3251 3261
    3262 3251 3262
    3263 3253 3263
    3264 3253 3264
    3265 3254 3265
    3266 3254 3266
    3267 3255 3267
    3268 3255 3268
    3269 3269 3270
    3270 3270 3271
    3271 3271 3272
    3272 3272 3273
    3273 3273 3274
    3274 3274 3275
    3275 3271 3275
    3276 3275 3276
    3277 3269 3277
    3278 3269 3278
    3279 3269 3279
    3280 3270 3280
    3281 3270 3281
    3282 3272 3282
    3283 3272 3283
    3284 3273 3284
    3285 3273 3285
    3286 3274 3286
    3287 3274 3287
    3288 3288 3289
    3289 3289 3290
    3290 3290 3291
    3291 3291 3292
    3292 3292 3293
    3293 3293 3294
    3294 3290 3294
    3295 3294 3295
    3296 3288 3296
    3297 3288 3297
    3298 3288 3298
    3299 3289 3299
    3300 3289 3300
    3301 3291 3301
    3302 3291 3302
    3303 3292 3303
    3304 3292 3304
    3305 3293 3305
    3306 3293 3306
    3307 3307 3308
    3308 3308 3309
    3309 3309 3310
    3310 3310 3311
    3311 3311 3312
    3312 3312 3313
    3313 3309 3313
    3314 3313 3314
    3315 3307 3315
    3316 3307 3316
    3317 3307 3317
    3318 3308 3318
    3319 3308 3319
    3320 3310 3320
    3321 3310 3321
    3322 3311 3322
    3323 3311 3323
    3324 3312 3324
    3325 3312 3325
    3326 3326 3327
    3327 3327 3328
    3328 3328 3329
    3329 3329 3330
    3330 3330 3331
    3331 3331 3332
    3332 3328 3332
    3333 3332 3333
    3334 3326 3334
    3335 3326 3335
    3336 3326 3336
    3337 3327 3337
    3338 3327 3338
    3339 3329 3339
    3340 3329 3340
    3341 3330 3341
    3342 3330 3342
    3343 3331 3343
    3344 3331 3344
    3345 3345 3346
    3346 3346 3347
    3347 3347 3348
    3348 3348 3349
    3349 3349 3350
    3350 3350 3351
    3351 3347 3351
    3352 3351 3352
    3353 3345 3353
    3354 3345 3354
    3355 3345 3355
    3356 3346 3356
    3357 3346 3357
    3358 3348 3358
    3359 3348 3359
    3360 3349 3360
    3361 3349 3361
    3362 3350 3362
    3363 3350 3363
    3364 3364 3365
    3365 3365 3366
    3366 3366 3367
    3367 3367 3368
    3368 3368 3369
    3369 3369 3370
    3370 3366 3370
    3371 3370 3371
    3372 3364 3372
    3373 3364 3373
    3374 3364 3374
    3375 3365 3375
    3376 3365 3376
    3377 3367 3377
    3378 3367 3378
    3379 3368 3379
    3380 3368 3380
    3381 3369 3381
    3382 3369 3382
    3383 3383 3384
    3384 3384 3385
    3385 3385 3386
    3386 3386 3387
    3387 3387 3388
    3388 3388 3389
    3389 3385 3389
    3390 3389 3390
    3391 3383 3391
    3392 3383 3392
    3393 3383 3393
    3394 3384 3394
    3395 3384 3395
    3396 3386 3396
    3397 3386 3397
    3398 3387 3398
    3399 3387 3399
    3400 3388 3400
    3401 3388 3401
    3402 3402 3403
    3403 3403 3404
    3404 3404 3405
    3405 3405 3406
    3406 3406 3407
    3407 3407 3408
    3408 3404 3408
    3409 3408 3409
    3410 3402 3410
    3411 3402 3411
    3412 3402 3412
    3413 3403 3413
    3414 3403 3414
    3415 3405 3415
    3416 3405 3416
    3417 3406 3417
    3418 3406 3418
    3419 3407 3419
    3420 3407 3420
    3421 3421 3422
    3422 3422 3423
    3423 3423 3424
    3424 3424 3425
    3425 3425 3426
    3426 3426 3427
    3427 3423 3427
    3428 3427 3428
    3429 3421 3429
    3430 3421 3430
    3431 3421 3431
    3432 3422 3432
    3433 3422 3433
    3434 3424 3434
    3435 3424 3435
    3436 3425 3436
    3437 3425 3437
    3438 3426 3438
    3439 3426 3439
    3440 3440 3441
    3441 3441 3442
    3442 3442 3443
    3443 3443 3444
    3444 3444 3445
    3445 3445 3446
    3446 3442 3446
    3447 3446 3447
    3448 3440 3448
    3449 3440 3449
    3450 3440 3450
    3451 3441 3451
    3452 3441 3452
    3453 3443 3453
    3454 3443 3454
    3455 3444 3455
    3456 3444 3456
    3457 3445 3457
    3458 3445 3458
    3459 3459 3460
    3460 3460 3461
    3461 3461 3462
    3462 3462 3463
    3463 3463 3464
    3464 3464 3465
    3465 3461 3465
    3466 3465 3466
    3467 3459 3467
    3468 3459 3468
    3469 3459 3469
    3470 3460 3470
    3471 3460 3471
    3472 3462 3472
    3473 3462 3473
    3474 3463 3474
    3475 3463 3475
    3476 3464 3476
    3477 3464 3477
    3478 3478 3479
    3479 3479 3480
    3480 3480 3481
    3481 3481 3482
    3482 3482 3483
    3483 3483 3484
    3484 3480 3484
    3485 3484 3485
    3486 3478 3486
    3487 3478 3487
    3488 3478 3488
    3489 3479 3489
    3490 3479 3490
    3491 3481 3491
    3492 3481 3492
    3493 3482 3493
    3494 3482 3494
    3495 3483 3495
    3496 3483 3496
    3497 3497 3498
    3498 3498 3499
    3499 3499 3500
    3500 3500 3501
    3501 3501 3502
    3502 3502 3503
    3503 3499 3503
    3504 3503 3504
    3505 3497 3505
    3506 3497 3506
    3507 3497 3507
    3508 3498 3508
    3509 3498 3509
    3510 3500 3510
    3511 3500 3511
    3512 3501 3512
    3513 3501 3513
    3514 3502 3514
    3515 3502 3515
    3516 3516 3517
    3517 3517 3518
    3518 3518 3519
    3519 3519 3520
    3520 3520 3521
    3521 3521 3522
    3522 3518 3522
    3523 3522 3523
    3524 3516 3524
    3525 3516 3525
    3526 3516 3526
    3527 3517 3527
    3528 3517 3528
    3529 3519 3529
    3530 3519 3530
    3531 3520 3531
    3532 3520 3532
    3533 3521 3533
    3534 3521 3534
    3535 3535 3536
    3536 3536 3537
    3537 3537 3538
    3538 3538 3539
    3539 3539 3540
    3540 3540 3541
    3541 3537 3541
    3542 3541 3542
    3543 3535 3543
    3544 3535 3544
    3545 3535 3545
    3546 3536 3546
    3547 3536 3547
    3548 3538 3548
    3549 3538 3549
    3550 3539 3550
    3551 3539 3551
    3552 3540 3552
    3553 3540 3553
    3554 3554 3555
    3555 3555 3556
    3556 3556 3557
    3557 3557 3558
    3558 3558 3559
    3559 3559 3560
    3560 3556 3560
    3561 3560 3561
    3562 3554 3562
    3563 3554 3563
    3564 3554 3564
    3565 3555 3565
    3566 3555 3566
    3567 3557 3567
    3568 3557 3568
    3569 3558 3569
    3570 3558 3570
    3571 3559 3571
    3572 3559 3572
    3573 3573 3574
    3574 3574 3575
    3575 3575 3576
    3576 3576 3577
    3577 3577 3578
    3578 3578 3579
    3579 3575 3579
    3580 3579 3580
    3581 3573 3581
    3582 3573 3582
    3583 3573 3583
    3584 3574 3584
    3585 3574 3585
    3586 3576 3586
    3587 3576 3587
    3588 3577 3588
    3589 3577 3589
    3590 3578 3590
    3591 3578 3591
    3592 3592 3593
    3593 3593 3594
    3594 3594 3595
    3595 3595 3596
    3596 3596 3597
    3597 3597 3598
    3598 3594 3598
    3599 3598 3599
    3600 3592 3600
    3601 3592 3601
    3602 3592 3602
    3603 3593 3603
    3604 3593 3604
    3605 3595 3605
    3606 3595 3606
    3607 3596 3607
    3608 3596 3608
    3609 3597 3609
    3610 3597 3610
