1 113 1 2
2 133 2 3
3 133 3 4
4 113 4 5
5 113 5 6
6 207 6 7
7 362 3 7
8 368 7 8
9 128 1 9
10 128 1 10
11 128 1 11
12 125 2 12
13 125 2 13
14 125 4 14
15 125 4 15
16 128 5 16
17 128 5 17
18 128 6 18
19 128 6 19
20 113 20 21
21 133 21 22
22 133 22 23
23 113 23 24
24 113 24 25
25 207 25 26
26 362 22 26
27 368 26 27
28 128 20 28
29 128 20 29
30 128 20 30
31 125 21 31
32 125 21 32
33 125 23 33
34 125 23 34
35 128 24 35
36 128 24 36
37 128 25 37
38 128 25 38
39 113 39 40
40 133 40 41
41 133 41 42
42 113 42 43
43 113 43 44
44 207 44 45
45 362 41 45
46 368 45 46
47 128 39 47
48 128 39 48
49 128 39 49
50 125 40 50
51 125 40 51
52 125 42 52
53 125 42 53
54 128 43 54
55 128 43 55
56 128 44 56
57 128 44 57
58 113 58 59
59 133 59 60
60 133 60 61
61 113 61 62
62 113 62 63
63 207 63 64
64 362 60 64
65 368 64 65
66 128 58 66
67 128 58 67
68 128 58 68
69 125 59 69
70 125 59 70
71 125 61 71
72 125 61 72
73 128 62 73
74 128 62 74
75 128 63 75
76 128 63 76
77 113 77 78
78 133 78 79
79 133 79 80
80 113 80 81
81 113 81 82
82 207 82 83
83 362 79 83
84 368 83 84
85 128 77 85
86 128 77 86
87 128 77 87
88 125 78 88
89 125 78 89
90 125 80 90
91 125 80 91
92 128 81 92
93 128 81 93
94 128 82 94
95 128 82 95
96 113 96 97
97 133 97 98
98 133 98 99
99 113 99 100
100 113 100 101
101 207 101 102
102 362 98 102
103 368 102 103
104 128 96 104
105 128 96 105
106 128 96 106
107 125 97 107
108 125 97 108
109 125 99 109
110 125 99 110
111 128 100 111
112 128 100 112
113 128 101 113
114 128 101 114
115 113 115 116
116 133 116 117
117 133 117 118
118 113 118 119
119 113 119 120
120 207 120 121
121 362 117 121
122 368 121 122
123 128 115 123
124 128 115 124
125 128 115 125
126 125 116 126
127 125 116 127
128 125 118 128
129 125 118 129
130 128 119 130
131 128 119 131
132 128 120 132
133 128 120 133
134 113 134 135
135 133 135 136
136 133 136 137
137 113 137 138
138 113 138 139
139 207 139 140
140 362 136 140
141 368 140 141
142 128 134 142
143 128 134 143
144 128 134 144
145 125 135 145
146 125 135 146
147 125 137 147
148 125 137 148
149 128 138 149
150 128 138 150
151 128 139 151
152 128 139 152
153 113 153 154
154 133 154 155
155 133 155 156
156 113 156 157
157 113 157 158
158 207 158 159
159 362 155 159
160 368 159 160
161 128 153 161
162 128 153 162
163 128 153 163
164 125 154 164
165 125 154 165
166 125 156 166
167 125 156 167
168 128 157 168
169 128 157 169
170 128 158 170
171 128 158 171
172 113 172 173
173 133 173 174
174 133 174 175
175 113 175 176
176 113 176 177
177 207 177 178
178 362 174 178
179 368 178 179
180 128 172 180
181 128 172 181
182 128 172 182
183 125 173 183
184 125 173 184
185 125 175 185
186 125 175 186
187 128 176 187
188 128 176 188
189 128 177 189
190 128 177 190
191 113 191 192
192 133 192 193
193 133 193 194
194 113 194 195
195 113 195 196
196 207 196 197
197 362 193 197
198 368 197 198
199 128 191 199
200 128 191 200
201 128 191 201
202 125 192 202
203 125 192 203
204 125 194 204
205 125 194 205
206 128 195 206
207 128 195 207
208 128 196 208
209 128 196 209
210 113 210 211
211 133 211 212
212 133 212 213
213 113 213 214
214 113 214 215
215 207 215 216
216 362 212 216
217 368 216 217
218 128 210 218
219 128 210 219
220 128 210 220
221 125 211 221
222 125 211 222
223 125 213 223
224 125 213 224
225 128 214 225
226 128 214 226
227 128 215 227
228 128 215 228
229 113 229 230
230 133 230 231
231 133 231 232
232 113 232 233
233 113 233 234
234 207 234 235
235 362 231 235
236 368 235 236
237 128 229 237
238 128 229 238
239 128 229 239
240 125 230 240
241 125 230 241
242 125 232 242
243 125 232 243
244 128 233 244
245 128 233 245
246 128 234 246
247 128 234 247
248 113 248 249
249 133 249 250
250 133 250 251
251 113 251 252
252 113 252 253
253 207 253 254
254 362 250 254
255 368 254 255
256 128 248 256
257 128 248 257
258 128 248 258
259 125 249 259
260 125 249 260
261 125 251 261
262 125 251 262
263 128 252 263
264 128 252 264
265 128 253 265
266 128 253 266
267 113 267 268
268 133 268 269
269 133 269 270
270 113 270 271
271 113 271 272
272 207 272 273
273 362 269 273
274 368 273 274
275 128 267 275
276 128 267 276
277 128 267 277
278 125 268 278
279 125 268 279
280 125 270 280
281 125 270 281
282 128 271 282
283 128 271 283
284 128 272 284
285 128 272 285
286 113 286 287
287 133 287 288
288 133 288 289
289 113 289 290
290 113 290 291
291 207 291 292
292 362 288 292
293 368 292 293
294 128 286 294
295 128 286 295
296 128 286 296
297 125 287 297
298 125 287 298
299 125 289 299
300 125 289 300
301 128 290 301
302 128 290 302
303 128 291 303
304 128 291 304
305 113 305 306
306 133 306 307
307 133 307 308
308 113 308 309
309 113 309 310
310 207 310 311
311 362 307 311
312 368 311 312
313 128 305 313
314 128 305 314
315 128 305 315
316 125 306 316
317 125 306 317
318 125 308 318
319 125 308 319
320 128 309 320
321 128 309 321
322 128 310 322
323 128 310 323
324 113 324 325
325 133 325 326
326 133 326 327
327 113 327 328
328 113 328 329
329 207 329 330
330 362 326 330
331 368 330 331
332 128 324 332
333 128 324 333
334 128 324 334
335 125 325 335
336 125 325 336
337 125 327 337
338 125 327 338
339 128 328 339
340 128 328 340
341 128 329 341
342 128 329 342
343 113 343 344
344 133 344 345
345 133 345 346
346 113 346 347
347 113 347 348
348 207 348 349
349 362 345 349
350 368 349 350
351 128 343 351
352 128 343 352
353 128 343 353
354 125 344 354
355 125 344 355
356 125 346 356
357 125 346 357
358 128 347 358
359 128 347 359
360 128 348 360
361 128 348 361
362 113 362 363
363 133 363 364
364 133 364 365
365 113 365 366
366 113 366 367
367 207 367 368
368 362 364 368
369 368 368 369
370 128 362 370
371 128 362 371
372 128 362 372
373 125 363 373
374 125 363 374
375 125 365 375
376 125 365 376
377 128 366 377
378 128 366 378
379 128 367 379
380 128 367 380
381 113 381 382
382 133 382 383
383 133 383 384
384 113 384 385
385 113 385 386
386 207 386 387
387 362 383 387
388 368 387 388
389 128 381 389
390 128 381 390
391 128 381 391
392 125 382 392
393 125 382 393
394 125 384 394
395 125 384 395
396 128 385 396
397 128 385 397
398 128 386 398
399 128 386 399
400 113 400 401
401 133 401 402
402 133 402 403
403 113 403 404
404 113 404 405
405 207 405 406
406 362 402 406
407 368 406 407
408 128 400 408
409 128 400 409
410 128 400 410
411 125 401 411
412 125 401 412
413 125 403 413
414 125 403 414
415 128 404 415
416 128 404 416
417 128 405 417
418 128 405 418
419 113 419 420
420 133 420 421
421 133 421 422
422 113 422 423
423 113 423 424
424 207 424 425
425 362 421 425
426 368 425 426
427 128 419 427
428 128 419 428
429 128 419 429
430 125 420 430
431 125 420 431
432 125 422 432
433 125 422 433
434 128 423 434
435 128 423 435
436 128 424 436
437 128 424 437
438 113 438 439
439 133 439 440
440 133 440 441
441 113 441 442
442 113 442 443
443 207 443 444
444 362 440 444
445 368 444 445
446 128 438 446
447 128 438 447
448 128 438 448
449 125 439 449
450 125 439 450
451 125 441 451
452 125 441 452
453 128 442 453
454 128 442 454
455 128 443 455
456 128 443 456
457 113 457 458
458 133 458 459
459 133 459 460
460 113 460 461
461 113 461 462
462 207 462 463
463 362 459 463
464 368 463 464
465 128 457 465
466 128 457 466
467 128 457 467
468 125 458 468
469 125 458 469
470 125 460 470
471 125 460 471
472 128 461 472
473 128 461 473
474 128 462 474
475 128 462 475
476 113 476 477
477 133 477 478
478 133 478 479
479 113 479 480
480 113 480 481
481 207 481 482
482 362 478 482
483 368 482 483
484 128 476 484
485 128 476 485
486 128 476 486
487 125 477 487
488 125 477 488
489 125 479 489
490 125 479 490
491 128 480 491
492 128 480 492
493 128 481 493
494 128 481 494
495 113 495 496
496 133 496 497
497 133 497 498
498 113 498 499
499 113 499 500
500 207 500 501
501 362 497 501
502 368 501 502
503 128 495 503
504 128 495 504
505 128 495 505
506 125 496 506
507 125 496 507
508 125 498 508
509 125 498 509
510 128 499 510
511 128 499 511
512 128 500 512
513 128 500 513
514 113 514 515
515 133 515 516
516 133 516 517
517 113 517 518
518 113 518 519
519 207 519 520
520 362 516 520
521 368 520 521
522 128 514 522
523 128 514 523
524 128 514 524
525 125 515 525
526 125 515 526
527 125 517 527
528 125 517 528
529 128 518 529
530 128 518 530
531 128 519 531
532 128 519 532
533 113 533 534
534 133 534 535
535 133 535 536
536 113 536 537
537 113 537 538
538 207 538 539
539 362 535 539
540 368 539 540
541 128 533 541
542 128 533 542
543 128 533 543
544 125 534 544
545 125 534 545
546 125 536 546
547 125 536 547
548 128 537 548
549 128 537 549
550 128 538 550
551 128 538 551
552 113 552 553
553 133 553 554
554 133 554 555
555 113 555 556
556 113 556 557
557 207 557 558
558 362 554 558
559 368 558 559
560 128 552 560
561 128 552 561
562 128 552 562
563 125 553 563
564 125 553 564
565 125 555 565
566 125 555 566
567 128 556 567
568 128 556 568
569 128 557 569
570 128 557 570
571 113 571 572
572 133 572 573
573 133 573 574
574 113 574 575
575 113 575 576
576 207 576 577
577 362 573 577
578 368 577 578
579 128 571 579
580 128 571 580
581 128 571 581
582 125 572 582
583 125 572 583
584 125 574 584
585 125 574 585
586 128 575 586
587 128 575 587
588 128 576 588
589 128 576 589
590 113 590 591
591 133 591 592
592 133 592 593
593 113 593 594
594 113 594 595
595 207 595 596
596 362 592 596
597 368 596 597
598 128 590 598
599 128 590 599
600 128 590 600
601 125 591 601
602 125 591 602
603 125 593 603
604 125 593 604
605 128 594 605
606 128 594 606
607 128 595 607
608 128 595 608
609 113 609 610
610 133 610 611
611 133 611 612
612 113 612 613
613 113 613 614
614 207 614 615
615 362 611 615
616 368 615 616
617 128 609 617
618 128 609 618
619 128 609 619
620 125 610 620
621 125 610 621
622 125 612 622
623 125 612 623
624 128 613 624
625 128 613 625
626 128 614 626
627 128 614 627
628 113 628 629
629 133 629 630
630 133 630 631
631 113 631 632
632 113 632 633
633 207 633 634
634 362 630 634
635 368 634 635
636 128 628 636
637 128 628 637
638 128 628 638
639 125 629 639
640 125 629 640
641 125 631 641
642 125 631 642
643 128 632 643
644 128 632 644
645 128 633 645
646 128 633 646
647 113 647 648
648 133 648 649
649 133 649 650
650 113 650 651
651 113 651 652
652 207 652 653
653 362 649 653
654 368 653 654
655 128 647 655
656 128 647 656
657 128 647 657
658 125 648 658
659 125 648 659
660 125 650 660
661 125 650 661
662 128 651 662
663 128 651 663
664 128 652 664
665 128 652 665
666 113 666 667
667 133 667 668
668 133 668 669
669 113 669 670
670 113 670 671
671 207 671 672
672 362 668 672
673 368 672 673
674 128 666 674
675 128 666 675
676 128 666 676
677 125 667 677
678 125 667 678
679 125 669 679
680 125 669 680
681 128 670 681
682 128 670 682
683 128 671 683
684 128 671 684
685 113 685 686
686 133 686 687
687 133 687 688
688 113 688 689
689 113 689 690
690 207 690 691
691 362 687 691
692 368 691 692
693 128 685 693
694 128 685 694
695 128 685 695
696 125 686 696
697 125 686 697
698 125 688 698
699 125 688 699
700 128 689 700
701 128 689 701
702 128 690 702
703 128 690 703
704 113 704 705
705 133 705 706
706 133 706 707
707 113 707 708
708 113 708 709
709 207 709 710
710 362 706 710
711 368 710 711
712 128 704 712
713 128 704 713
714 128 704 714
715 125 705 715
716 125 705 716
717 125 707 717
718 125 707 718
719 128 708 719
720 128 708 720
721 128 709 721
722 128 709 722
723 113 723 724
724 133 724 725
725 133 725 726
726 113 726 727
727 113 727 728
728 207 728 729
729 362 725 729
730 368 729 730
731 128 723 731
732 128 723 732
733 128 723 733
734 125 724 734
735 125 724 735
736 125 726 736
737 125 726 737
738 128 727 738
739 128 727 739
740 128 728 740
741 128 728 741
742 113 742 743
743 133 743 744
744 133 744 745
745 113 745 746
746 113 746 747
747 207 747 748
748 362 744 748
749 368 748 749
750 128 742 750
751 128 742 751
752 128 742 752
753 125 743 753
754 125 743 754
755 125 745 755
756 125 745 756
757 128 746 757
758 128 746 758
759 128 747 759
760 128 747 760
761 113 761 762
762 133 762 763
763 133 763 764
764 113 764 765
765 113 765 766
766 207 766 767
767 362 763 767
768 368 767 768
769 128 761 769
770 128 761 770
771 128 761 771
772 125 762 772
773 125 762 773
774 125 764 774
775 125 764 775
776 128 765 776
777 128 765 777
778 128 766 778
779 128 766 779
780 113 780 781
781 133 781 782
782 133 782 783
783 113 783 784
784 113 784 785
785 207 785 786
786 362 782 786
787 368 786 787
788 128 780 788
789 128 780 789
790 128 780 790
791 125 781 791
792 125 781 792
793 125 783 793
794 125 783 794
795 128 784 795
796 128 784 796
797 128 785 797
798 128 785 798
799 113 799 800
800 133 800 801
801 133 801 802
802 113 802 803
803 113 803 804
804 207 804 805
805 362 801 805
806 368 805 806
807 128 799 807
808 128 799 808
809 128 799 809
810 125 800 810
811 125 800 811
812 125 802 812
813 125 802 813
814 128 803 814
815 128 803 815
816 128 804 816
817 128 804 817
818 113 818 819
819 133 819 820
820 133 820 821
821 113 821 822
822 113 822 823
823 207 823 824
824 362 820 824
825 368 824 825
826 128 818 826
827 128 818 827
828 128 818 828
829 125 819 829
830 125 819 830
831 125 821 831
832 125 821 832
833 128 822 833
834 128 822 834
835 128 823 835
836 128 823 836
837 113 837 838
838 133 838 839
839 133 839 840
840 113 840 841
841 113 841 842
842 207 842 843
843 362 839 843
844 368 843 844
845 128 837 845
846 128 837 846
847 128 837 847
848 125 838 848
849 125 838 849
850 125 840 850
851 125 840 851
852 128 841 852
853 128 841 853
854 128 842 854
855 128 842 855
856 113 856 857
857 133 857 858
858 133 858 859
859 113 859 860
860 113 860 861
861 207 861 862
862 362 858 862
863 368 862 863
864 128 856 864
865 128 856 865
866 128 856 866
867 125 857 867
868 125 857 868
869 125 859 869
870 125 859 870
871 128 860 871
872 128 860 872
873 128 861 873
874 128 861 874
875 113 875 876
876 133 876 877
877 133 877 878
878 113 878 879
879 113 879 880
880 207 880 881
881 362 877 881
882 368 881 882
883 128 875 883
884 128 875 884
885 128 875 885
886 125 876 886
887 125 876 887
888 125 878 888
889 125 878 889
890 128 879 890
891 128 879 891
892 128 880 892
893 128 880 893
894 113 894 895
895 133 895 896
896 133 896 897
897 113 897 898
898 113 898 899
899 207 899 900
900 362 896 900
901 368 900 901
902 128 894 902
903 128 894 903
904 128 894 904
905 125 895 905
906 125 895 906
907 125 897 907
908 125 897 908
909 128 898 909
910 128 898 910
911 128 899 911
912 128 899 912
913 113 913 914
914 133 914 915
915 133 915 916
916 113 916 917
917 113 917 918
918 207 918 919
919 362 915 919
920 368 919 920
921 128 913 921
922 128 913 922
923 128 913 923
924 125 914 924
925 125 914 925
926 125 916 926
927 125 916 927
928 128 917 928
929 128 917 929
930 128 918 930
931 128 918 931
932 113 932 933
933 133 933 934
934 133 934 935
935 113 935 936
936 113 936 937
937 207 937 938
938 362 934 938
939 368 938 939
940 128 932 940
941 128 932 941
942 128 932 942
943 125 933 943
944 125 933 944
945 125 935 945
946 125 935 946
947 128 936 947
948 128 936 948
949 128 937 949
950 128 937 950
951 113 951 952
952 133 952 953
953 133 953 954
954 113 954 955
955 113 955 956
956 207 956 957
957 362 953 957
958 368 957 958
959 128 951 959
960 128 951 960
961 128 951 961
962 125 952 962
963 125 952 963
964 125 954 964
965 125 954 965
966 128 955 966
967 128 955 967
968 128 956 968
969 128 956 969
970 113 970 971
971 133 971 972
972 133 972 973
973 113 973 974
974 113 974 975
975 207 975 976
976 362 972 976
977 368 976 977
978 128 970 978
979 128 970 979
980 128 970 980
981 125 971 981
982 125 971 982
983 125 973 983
984 125 973 984
985 128 974 985
986 128 974 986
987 128 975 987
988 128 975 988
989 113 989 990
990 133 990 991
991 133 991 992
992 113 992 993
993 113 993 994
994 207 994 995
995 362 991 995
996 368 995 996
997 128 989 997
998 128 989 998
999 128 989 999
1000 125 990 1000
1001 125 990 1001
1002 125 992 1002
1003 125 992 1003
1004 128 993 1004
1005 128 993 1005
1006 128 994 1006
1007 128 994 1007
1008 113 1008 1009
1009 133 1009 1010
1010 133 1010 1011
1011 113 1011 1012
1012 113 1012 1013
1013 207 1013 1014
1014 362 1010 1014
1015 368 1014 1015
1016 128 1008 1016
1017 128 1008 1017
1018 128 1008 1018
1019 125 1009 1019
1020 125 1009 1020
1021 125 1011 1021
1022 125 1011 1022
1023 128 1012 1023
1024 128 1012 1024
1025 128 1013 1025
1026 128 1013 1026
1027 113 1027 1028
1028 133 1028 1029
1029 133 1029 1030
1030 113 1030 1031
1031 113 1031 1032
1032 207 1032 1033
1033 362 1029 1033
1034 368 1033 1034
1035 128 1027 1035
1036 128 1027 1036
1037 128 1027 1037
1038 125 1028 1038
1039 125 1028 1039
1040 125 1030 1040
1041 125 1030 1041
1042 128 1031 1042
1043 128 1031 1043
1044 128 1032 1044
1045 128 1032 1045
1046 113 1046 1047
1047 133 1047 1048
1048 133 1048 1049
1049 113 1049 1050
1050 113 1050 1051
1051 207 1051 1052
1052 362 1048 1052
1053 368 1052 1053
1054 128 1046 1054
1055 128 1046 1055
1056 128 1046 1056
1057 125 1047 1057
1058 125 1047 1058
1059 125 1049 1059
1060 125 1049 1060
1061 128 1050 1061
1062 128 1050 1062
1063 128 1051 1063
1064 128 1051 1064
1065 113 1065 1066
1066 133 1066 1067
1067 133 1067 1068
1068 113 1068 1069
1069 113 1069 1070
1070 207 1070 1071
1071 362 1067 1071
1072 368 1071 1072
1073 128 1065 1073
1074 128 1065 1074
1075 128 1065 1075
1076 125 1066 1076
1077 125 1066 1077
1078 125 1068 1078
1079 125 1068 1079
1080 128 1069 1080
1081 128 1069 1081
1082 128 1070 1082
1083 128 1070 1083
1084 113 1084 1085
1085 133 1085 1086
1086 133 1086 1087
1087 113 1087 1088
1088 113 1088 1089
1089 207 1089 1090
1090 362 1086 1090
1091 368 1090 1091
1092 128 1084 1092
1093 128 1084 1093
1094 128 1084 1094
1095 125 1085 1095
1096 125 1085 1096
1097 125 1087 1097
1098 125 1087 1098
1099 128 1088 1099
1100 128 1088 1100
1101 128 1089 1101
1102 128 1089 1102
1103 113 1103 1104
1104 133 1104 1105
1105 133 1105 1106
1106 113 1106 1107
1107 113 1107 1108
1108 207 1108 1109
1109 362 1105 1109
1110 368 1109 1110
1111 128 1103 1111
1112 128 1103 1112
1113 128 1103 1113
1114 125 1104 1114
1115 125 1104 1115
1116 125 1106 1116
1117 125 1106 1117
1118 128 1107 1118
1119 128 1107 1119
1120 128 1108 1120
1121 128 1108 1121
1122 113 1122 1123
1123 133 1123 1124
1124 133 1124 1125
1125 113 1125 1126
1126 113 1126 1127
1127 207 1127 1128
1128 362 1124 1128
1129 368 1128 1129
1130 128 1122 1130
1131 128 1122 1131
1132 128 1122 1132
1133 125 1123 1133
1134 125 1123 1134
1135 125 1125 1135
1136 125 1125 1136
1137 128 1126 1137
1138 128 1126 1138
1139 128 1127 1139
1140 128 1127 1140
1141 113 1141 1142
1142 133 1142 1143
1143 133 1143 1144
1144 113 1144 1145
1145 113 1145 1146
1146 207 1146 1147
1147 362 1143 1147
1148 368 1147 1148
1149 128 1141 1149
1150 128 1141 1150
1151 128 1141 1151
1152 125 1142 1152
1153 125 1142 1153
1154 125 1144 1154
1155 125 1144 1155
1156 128 1145 1156
1157 128 1145 1157
1158 128 1146 1158
1159 128 1146 1159
1160 113 1160 1161
1161 133 1161 1162
1162 133 1162 1163
1163 113 1163 1164
1164 113 1164 1165
1165 207 1165 1166
1166 362 1162 1166
1167 368 1166 1167
1168 128 1160 1168
1169 128 1160 1169
1170 128 1160 1170
1171 125 1161 1171
1172 125 1161 1172
1173 125 1163 1173
1174 125 1163 1174
1175 128 1164 1175
1176 128 1164 1176
1177 128 1165 1177
1178 128 1165 1178
1179 113 1179 1180
1180 133 1180 1181
1181 133 1181 1182
1182 113 1182 1183
1183 113 1183 1184
1184 207 1184 1185
1185 362 1181 1185
1186 368 1185 1186
1187 128 1179 1187
1188 128 1179 1188
1189 128 1179 1189
1190 125 1180 1190
1191 125 1180 1191
1192 125 1182 1192
1193 125 1182 1193
1194 128 1183 1194
1195 128 1183 1195
1196 128 1184 1196
1197 128 1184 1197
1198 113 1198 1199
1199 133 1199 1200
1200 133 1200 1201
1201 113 1201 1202
1202 113 1202 1203
1203 207 1203 1204
1204 362 1200 1204
1205 368 1204 1205
1206 128 1198 1206
1207 128 1198 1207
1208 128 1198 1208
1209 125 1199 1209
1210 125 1199 1210
1211 125 1201 1211
1212 125 1201 1212
1213 128 1202 1213
1214 128 1202 1214
1215 128 1203 1215
1216 128 1203 1216
1217 113 1217 1218
1218 133 1218 1219
1219 133 1219 1220
1220 113 1220 1221
1221 113 1221 1222
1222 207 1222 1223
1223 362 1219 1223
1224 368 1223 1224
1225 128 1217 1225
1226 128 1217 1226
1227 128 1217 1227
1228 125 1218 1228
1229 125 1218 1229
1230 125 1220 1230
1231 125 1220 1231
1232 128 1221 1232
1233 128 1221 1233
1234 128 1222 1234
1235 128 1222 1235
1236 113 1236 1237
1237 133 1237 1238
1238 133 1238 1239
1239 113 1239 1240
1240 113 1240 1241
1241 207 1241 1242
1242 362 1238 1242
1243 368 1242 1243
1244 128 1236 1244
1245 128 1236 1245
1246 128 1236 1246
1247 125 1237 1247
1248 125 1237 1248
1249 125 1239 1249
1250 125 1239 1250
1251 128 1240 1251
1252 128 1240 1252
1253 128 1241 1253
1254 128 1241 1254
1255 113 1255 1256
1256 133 1256 1257
1257 133 1257 1258
1258 113 1258 1259
1259 113 1259 1260
1260 207 1260 1261
1261 362 1257 1261
1262 368 1261 1262
1263 128 1255 1263
1264 128 1255 1264
1265 128 1255 1265
1266 125 1256 1266
1267 125 1256 1267
1268 125 1258 1268
1269 125 1258 1269
1270 128 1259 1270
1271 128 1259 1271
1272 128 1260 1272
1273 128 1260 1273
1274 113 1274 1275
1275 133 1275 1276
1276 133 1276 1277
1277 113 1277 1278
1278 113 1278 1279
1279 207 1279 1280
1280 362 1276 1280
1281 368 1280 1281
1282 128 1274 1282
1283 128 1274 1283
1284 128 1274 1284
1285 125 1275 1285
1286 125 1275 1286
1287 125 1277 1287
1288 125 1277 1288
1289 128 1278 1289
1290 128 1278 1290
1291 128 1279 1291
1292 128 1279 1292
1293 113 1293 1294
1294 133 1294 1295
1295 133 1295 1296
1296 113 1296 1297
1297 113 1297 1298
1298 207 1298 1299
1299 362 1295 1299
1300 368 1299 1300
1301 128 1293 1301
1302 128 1293 1302
1303 128 1293 1303
1304 125 1294 1304
1305 125 1294 1305
1306 125 1296 1306
1307 125 1296 1307
1308 128 1297 1308
1309 128 1297 1309
1310 128 1298 1310
1311 128 1298 1311
1312 113 1312 1313
1313 133 1313 1314
1314 133 1314 1315
1315 113 1315 1316
1316 113 1316 1317
1317 207 1317 1318
1318 362 1314 1318
1319 368 1318 1319
1320 128 1312 1320
1321 128 1312 1321
1322 128 1312 1322
1323 125 1313 1323
1324 125 1313 1324
1325 125 1315 1325
1326 125 1315 1326
1327 128 1316 1327
1328 128 1316 1328
1329 128 1317 1329
1330 128 1317 1330
1331 113 1331 1332
1332 133 1332 1333
1333 133 1333 1334
1334 113 1334 1335
1335 113 1335 1336
1336 207 1336 1337
1337 362 1333 1337
1338 368 1337 1338
1339 128 1331 1339
1340 128 1331 1340
1341 128 1331 1341
1342 125 1332 1342
1343 125 1332 1343
1344 125 1334 1344
1345 125 1334 1345
1346 128 1335 1346
1347 128 1335 1347
1348 128 1336 1348
1349 128 1336 1349
1350 113 1350 1351
1351 133 1351 1352
1352 133 1352 1353
1353 113 1353 1354
1354 113 1354 1355
1355 207 1355 1356
1356 362 1352 1356
1357 368 1356 1357
1358 128 1350 1358
1359 128 1350 1359
1360 128 1350 1360
1361 125 1351 1361
1362 125 1351 1362
1363 125 1353 1363
1364 125 1353 1364
1365 128 1354 1365
1366 128 1354 1366
1367 128 1355 1367
1368 128 1355 1368
1369 113 1369 1370
1370 133 1370 1371
1371 133 1371 1372
1372 113 1372 1373
1373 113 1373 1374
1374 207 1374 1375
1375 362 1371 1375
1376 368 1375 1376
1377 128 1369 1377
1378 128 1369 1378
1379 128 1369 1379
1380 125 1370 1380
1381 125 1370 1381
1382 125 1372 1382
1383 125 1372 1383
1384 128 1373 1384
1385 128 1373 1385
1386 128 1374 1386
1387 128 1374 1387
1388 113 1388 1389
1389 133 1389 1390
1390 133 1390 1391
1391 113 1391 1392
1392 113 1392 1393
1393 207 1393 1394
1394 362 1390 1394
1395 368 1394 1395
1396 128 1388 1396
1397 128 1388 1397
1398 128 1388 1398
1399 125 1389 1399
1400 125 1389 1400
1401 125 1391 1401
1402 125 1391 1402
1403 128 1392 1403
1404 128 1392 1404
1405 128 1393 1405
1406 128 1393 1406
1407 113 1407 1408
1408 133 1408 1409
1409 133 1409 1410
1410 113 1410 1411
1411 113 1411 1412
1412 207 1412 1413
1413 362 1409 1413
1414 368 1413 1414
1415 128 1407 1415
1416 128 1407 1416
1417 128 1407 1417
1418 125 1408 1418
1419 125 1408 1419
1420 125 1410 1420
1421 125 1410 1421
1422 128 1411 1422
1423 128 1411 1423
1424 128 1412 1424
1425 128 1412 1425
1426 113 1426 1427
1427 133 1427 1428
1428 133 1428 1429
1429 113 1429 1430
1430 113 1430 1431
1431 207 1431 1432
1432 362 1428 1432
1433 368 1432 1433
1434 128 1426 1434
1435 128 1426 1435
1436 128 1426 1436
1437 125 1427 1437
1438 125 1427 1438
1439 125 1429 1439
1440 125 1429 1440
1441 128 1430 1441
1442 128 1430 1442
1443 128 1431 1443
1444 128 1431 1444
1445 113 1445 1446
1446 133 1446 1447
1447 133 1447 1448
1448 113 1448 1449
1449 113 1449 1450
1450 207 1450 1451
1451 362 1447 1451
1452 368 1451 1452
1453 128 1445 1453
1454 128 1445 1454
1455 128 1445 1455
1456 125 1446 1456
1457 125 1446 1457
1458 125 1448 1458
1459 125 1448 1459
1460 128 1449 1460
1461 128 1449 1461
1462 128 1450 1462
1463 128 1450 1463
1464 113 1464 1465
1465 133 1465 1466
1466 133 1466 1467
1467 113 1467 1468
1468 113 1468 1469
1469 207 1469 1470
1470 362 1466 1470
1471 368 1470 1471
1472 128 1464 1472
1473 128 1464 1473
1474 128 1464 1474
1475 125 1465 1475
1476 125 1465 1476
1477 125 1467 1477
1478 125 1467 1478
1479 128 1468 1479
1480 128 1468 1480
1481 128 1469 1481
1482 128 1469 1482
1483 113 1483 1484
1484 133 1484 1485
1485 133 1485 1486
1486 113 1486 1487
1487 113 1487 1488
1488 207 1488 1489
1489 362 1485 1489
1490 368 1489 1490
1491 128 1483 1491
1492 128 1483 1492
1493 128 1483 1493
1494 125 1484 1494
1495 125 1484 1495
1496 125 1486 1496
1497 125 1486 1497
1498 128 1487 1498
1499 128 1487 1499
1500 128 1488 1500
1501 128 1488 1501
1502 113 1502 1503
1503 133 1503 1504
1504 133 1504 1505
1505 113 1505 1506
1506 113 1506 1507
1507 207 1507 1508
1508 362 1504 1508
1509 368 1508 1509
1510 128 1502 1510
1511 128 1502 1511
1512 128 1502 1512
1513 125 1503 1513
1514 125 1503 1514
1515 125 1505 1515
1516 125 1505 1516
1517 128 1506 1517
1518 128 1506 1518
1519 128 1507 1519
1520 128 1507 1520
1521 113 1521 1522
1522 133 1522 1523
1523 133 1523 1524
1524 113 1524 1525
1525 113 1525 1526
1526 207 1526 1527
1527 362 1523 1527
1528 368 1527 1528
1529 128 1521 1529
1530 128 1521 1530
1531 128 1521 1531
1532 125 1522 1532
1533 125 1522 1533
1534 125 1524 1534
1535 125 1524 1535
1536 128 1525 1536
1537 128 1525 1537
1538 128 1526 1538
1539 128 1526 1539
1540 113 1540 1541
1541 133 1541 1542
1542 133 1542 1543
1543 113 1543 1544
1544 113 1544 1545
1545 207 1545 1546
1546 362 1542 1546
1547 368 1546 1547
1548 128 1540 1548
1549 128 1540 1549
1550 128 1540 1550
1551 125 1541 1551
1552 125 1541 1552
1553 125 1543 1553
1554 125 1543 1554
1555 128 1544 1555
1556 128 1544 1556
1557 128 1545 1557
1558 128 1545 1558
1559 113 1559 1560
1560 133 1560 1561
1561 133 1561 1562
1562 113 1562 1563
1563 113 1563 1564
1564 207 1564 1565
1565 362 1561 1565
1566 368 1565 1566
1567 128 1559 1567
1568 128 1559 1568
1569 128 1559 1569
1570 125 1560 1570
1571 125 1560 1571
1572 125 1562 1572
1573 125 1562 1573
1574 128 1563 1574
1575 128 1563 1575
1576 128 1564 1576
1577 128 1564 1577
1578 113 1578 1579
1579 133 1579 1580
1580 133 1580 1581
1581 113 1581 1582
1582 113 1582 1583
1583 207 1583 1584
1584 362 1580 1584
1585 368 1584 1585
1586 128 1578 1586
1587 128 1578 1587
1588 128 1578 1588
1589 125 1579 1589
1590 125 1579 1590
1591 125 1581 1591
1592 125 1581 1592
1593 128 1582 1593
1594 128 1582 1594
1595 128 1583 1595
1596 128 1583 1596
1597 113 1597 1598
1598 133 1598 1599
1599 133 1599 1600
1600 113 1600 1601
1601 113 1601 1602
1602 207 1602 1603
1603 362 1599 1603
1604 368 1603 1604
1605 128 1597 1605
1606 128 1597 1606
1607 128 1597 1607
1608 125 1598 1608
1609 125 1598 1609
1610 125 1600 1610
1611 125 1600 1611
1612 128 1601 1612
1613 128 1601 1613
1614 128 1602 1614
1615 128 1602 1615
1616 113 1616 1617
1617 133 1617 1618
1618 133 1618 1619
1619 113 1619 1620
1620 113 1620 1621
1621 207 1621 1622
1622 362 1618 1622
1623 368 1622 1623
1624 128 1616 1624
1625 128 1616 1625
1626 128 1616 1626
1627 125 1617 1627
1628 125 1617 1628
1629 125 1619 1629
1630 125 1619 1630
1631 128 1620 1631
1632 128 1620 1632
1633 128 1621 1633
1634 128 1621 1634
1635 113 1635 1636
1636 133 1636 1637
1637 133 1637 1638
1638 113 1638 1639
1639 113 1639 1640
1640 207 1640 1641
1641 362 1637 1641
1642 368 1641 1642
1643 128 1635 1643
1644 128 1635 1644
1645 128 1635 1645
1646 125 1636 1646
1647 125 1636 1647
1648 125 1638 1648
1649 125 1638 1649
1650 128 1639 1650
1651 128 1639 1651
1652 128 1640 1652
1653 128 1640 1653
1654 113 1654 1655
1655 133 1655 1656
1656 133 1656 1657
1657 113 1657 1658
1658 113 1658 1659
1659 207 1659 1660
1660 362 1656 1660
1661 368 1660 1661
1662 128 1654 1662
1663 128 1654 1663
1664 128 1654 1664
1665 125 1655 1665
1666 125 1655 1666
1667 125 1657 1667
1668 125 1657 1668
1669 128 1658 1669
1670 128 1658 1670
1671 128 1659 1671
1672 128 1659 1672
1673 113 1673 1674
1674 133 1674 1675
1675 133 1675 1676
1676 113 1676 1677
1677 113 1677 1678
1678 207 1678 1679
1679 362 1675 1679
1680 368 1679 1680
1681 128 1673 1681
1682 128 1673 1682
1683 128 1673 1683
1684 125 1674 1684
1685 125 1674 1685
1686 125 1676 1686
1687 125 1676 1687
1688 128 1677 1688
1689 128 1677 1689
1690 128 1678 1690
1691 128 1678 1691
1692 113 1692 1693
1693 133 1693 1694
1694 133 1694 1695
1695 113 1695 1696
1696 113 1696 1697
1697 207 1697 1698
1698 362 1694 1698
1699 368 1698 1699
1700 128 1692 1700
1701 128 1692 1701
1702 128 1692 1702
1703 125 1693 1703
1704 125 1693 1704
1705 125 1695 1705
1706 125 1695 1706
1707 128 1696 1707
1708 128 1696 1708
1709 128 1697 1709
1710 128 1697 1710
1711 113 1711 1712
1712 133 1712 1713
1713 133 1713 1714
1714 113 1714 1715
1715 113 1715 1716
1716 207 1716 1717
1717 362 1713 1717
1718 368 1717 1718
1719 128 1711 1719
1720 128 1711 1720
1721 128 1711 1721
1722 125 1712 1722
1723 125 1712 1723
1724 125 1714 1724
1725 125 1714 1725
1726 128 1715 1726
1727 128 1715 1727
1728 128 1716 1728
1729 128 1716 1729
1730 113 1730 1731
1731 133 1731 1732
1732 133 1732 1733
1733 113 1733 1734
1734 113 1734 1735
1735 207 1735 1736
1736 362 1732 1736
1737 368 1736 1737
1738 128 1730 1738
1739 128 1730 1739
1740 128 1730 1740
1741 125 1731 1741
1742 125 1731 1742
1743 125 1733 1743
1744 125 1733 1744
1745 128 1734 1745
1746 128 1734 1746
1747 128 1735 1747
1748 128 1735 1748
1749 113 1749 1750
1750 133 1750 1751
1751 133 1751 1752
1752 113 1752 1753
1753 113 1753 1754
1754 207 1754 1755
1755 362 1751 1755
1756 368 1755 1756
1757 128 1749 1757
1758 128 1749 1758
1759 128 1749 1759
1760 125 1750 1760
1761 125 1750 1761
1762 125 1752 1762
1763 125 1752 1763
1764 128 1753 1764
1765 128 1753 1765
1766 128 1754 1766
1767 128 1754 1767
1768 113 1768 1769
1769 133 1769 1770
1770 133 1770 1771
1771 113 1771 1772
1772 113 1772 1773
1773 207 1773 1774
1774 362 1770 1774
1775 368 1774 1775
1776 128 1768 1776
1777 128 1768 1777
1778 128 1768 1778
1779 125 1769 1779
1780 125 1769 1780
1781 125 1771 1781
1782 125 1771 1782
1783 128 1772 1783
1784 128 1772 1784
1785 128 1773 1785
1786 128 1773 1786
1787 113 1787 1788
1788 133 1788 1789
1789 133 1789 1790
1790 113 1790 1791
1791 113 1791 1792
1792 207 1792 1793
1793 362 1789 1793
1794 368 1793 1794
1795 128 1787 1795
1796 128 1787 1796
1797 128 1787 1797
1798 125 1788 1798
1799 125 1788 1799
1800 125 1790 1800
1801 125 1790 1801
1802 128 1791 1802
1803 128 1791 1803
1804 128 1792 1804
1805 128 1792 1805
1806 113 1806 1807
1807 133 1807 1808
1808 133 1808 1809
1809 113 1809 1810
1810 113 1810 1811
1811 207 1811 1812
1812 362 1808 1812
1813 368 1812 1813
1814 128 1806 1814
1815 128 1806 1815
1816 128 1806 1816
1817 125 1807 1817
1818 125 1807 1818
1819 125 1809 1819
1820 125 1809 1820
1821 128 1810 1821
1822 128 1810 1822
1823 128 1811 1823
1824 128 1811 1824
1825 113 1825 1826
1826 133 1826 1827
1827 133 1827 1828
1828 113 1828 1829
1829 113 1829 1830
1830 207 1830 1831
1831 362 1827 1831
1832 368 1831 1832
1833 128 1825 1833
1834 128 1825 1834
1835 128 1825 1835
1836 125 1826 1836
1837 125 1826 1837
1838 125 1828 1838
1839 125 1828 1839
1840 128 1829 1840
1841 128 1829 1841
1842 128 1830 1842
1843 128 1830 1843
1844 113 1844 1845
1845 133 1845 1846
1846 133 1846 1847
1847 113 1847 1848
1848 113 1848 1849
1849 207 1849 1850
1850 362 1846 1850
1851 368 1850 1851
1852 128 1844 1852
1853 128 1844 1853
1854 128 1844 1854
1855 125 1845 1855
1856 125 1845 1856
1857 125 1847 1857
1858 125 1847 1858
1859 128 1848 1859
1860 128 1848 1860
1861 128 1849 1861
1862 128 1849 1862
1863 113 1863 1864
1864 133 1864 1865
1865 133 1865 1866
1866 113 1866 1867
1867 113 1867 1868
1868 207 1868 1869
1869 362 1865 1869
1870 368 1869 1870
1871 128 1863 1871
1872 128 1863 1872
1873 128 1863 1873
1874 125 1864 1874
1875 125 1864 1875
1876 125 1866 1876
1877 125 1866 1877
1878 128 1867 1878
1879 128 1867 1879
1880 128 1868 1880
1881 128 1868 1881
1882 113 1882 1883
1883 133 1883 1884
1884 133 1884 1885
1885 113 1885 1886
1886 113 1886 1887
1887 207 1887 1888
1888 362 1884 1888
1889 368 1888 1889
1890 128 1882 1890
1891 128 1882 1891
1892 128 1882 1892
1893 125 1883 1893
1894 125 1883 1894
1895 125 1885 1895
1896 125 1885 1896
1897 128 1886 1897
1898 128 1886 1898
1899 128 1887 1899
1900 128 1887 1900
1901 113 1901 1902
1902 133 1902 1903
1903 133 1903 1904
1904 113 1904 1905
1905 113 1905 1906
1906 207 1906 1907
1907 362 1903 1907
1908 368 1907 1908
1909 128 1901 1909
1910 128 1901 1910
1911 128 1901 1911
1912 125 1902 1912
1913 125 1902 1913
1914 125 1904 1914
1915 125 1904 1915
1916 128 1905 1916
1917 128 1905 1917
1918 128 1906 1918
1919 128 1906 1919
1920 113 1920 1921
1921 133 1921 1922
1922 133 1922 1923
1923 113 1923 1924
1924 113 1924 1925
1925 207 1925 1926
1926 362 1922 1926
1927 368 1926 1927
1928 128 1920 1928
1929 128 1920 1929
1930 128 1920 1930
1931 125 1921 1931
1932 125 1921 1932
1933 125 1923 1933
1934 125 1923 1934
1935 128 1924 1935
1936 128 1924 1936
1937 128 1925 1937
1938 128 1925 1938
1939 113 1939 1940
1940 133 1940 1941
1941 133 1941 1942
1942 113 1942 1943
1943 113 1943 1944
1944 207 1944 1945
1945 362 1941 1945
1946 368 1945 1946
1947 128 1939 1947
1948 128 1939 1948
1949 128 1939 1949
1950 125 1940 1950
1951 125 1940 1951
1952 125 1942 1952
1953 125 1942 1953
1954 128 1943 1954
1955 128 1943 1955
1956 128 1944 1956
1957 128 1944 1957
1958 113 1958 1959
1959 133 1959 1960
1960 133 1960 1961
1961 113 1961 1962
1962 113 1962 1963
1963 207 1963 1964
1964 362 1960 1964
1965 368 1964 1965
1966 128 1958 1966
1967 128 1958 1967
1968 128 1958 1968
1969 125 1959 1969
1970 125 1959 1970
1971 125 1961 1971
1972 125 1961 1972
1973 128 1962 1973
1974 128 1962 1974
1975 128 1963 1975
1976 128 1963 1976
1977 113 1977 1978
1978 133 1978 1979
1979 133 1979 1980
1980 113 1980 1981
1981 113 1981 1982
1982 207 1982 1983
1983 362 1979 1983
1984 368 1983 1984
1985 128 1977 1985
1986 128 1977 1986
1987 128 1977 1987
1988 125 1978 1988
1989 125 1978 1989
1990 125 1980 1990
1991 125 1980 1991
1992 128 1981 1992
1993 128 1981 1993
1994 128 1982 1994
1995 128 1982 1995
1996 113 1996 1997
1997 133 1997 1998
1998 133 1998 1999
1999 113 1999 2000
2000 113 2000 2001
2001 207 2001 2002
2002 362 1998 2002
2003 368 2002 2003
2004 128 1996 2004
2005 128 1996 2005
2006 128 1996 2006
2007 125 1997 2007
2008 125 1997 2008
2009 125 1999 2009
2010 125 1999 2010
2011 128 2000 2011
2012 128 2000 2012
2013 128 2001 2013
2014 128 2001 2014
2015 113 2015 2016
2016 133 2016 2017
2017 133 2017 2018
2018 113 2018 2019
2019 113 2019 2020
2020 207 2020 2021
2021 362 2017 2021
2022 368 2021 2022
2023 128 2015 2023
2024 128 2015 2024
2025 128 2015 2025
2026 125 2016 2026
2027 125 2016 2027
2028 125 2018 2028
2029 125 2018 2029
2030 128 2019 2030
2031 128 2019 2031
2032 128 2020 2032
2033 128 2020 2033
2034 113 2034 2035
2035 133 2035 2036
2036 133 2036 2037
2037 113 2037 2038
2038 113 2038 2039
2039 207 2039 2040
2040 362 2036 2040
2041 368 2040 2041
2042 128 2034 2042
2043 128 2034 2043
2044 128 2034 2044
2045 125 2035 2045
2046 125 2035 2046
2047 125 2037 2047
2048 125 2037 2048
2049 128 2038 2049
2050 128 2038 2050
2051 128 2039 2051
2052 128 2039 2052
2053 113 2053 2054
2054 133 2054 2055
2055 133 2055 2056
2056 113 2056 2057
2057 113 2057 2058
2058 207 2058 2059
2059 362 2055 2059
2060 368 2059 2060
2061 128 2053 2061
2062 128 2053 2062
2063 128 2053 2063
2064 125 2054 2064
2065 125 2054 2065
2066 125 2056 2066
2067 125 2056 2067
2068 128 2057 2068
2069 128 2057 2069
2070 128 2058 2070
2071 128 2058 2071
2072 113 2072 2073
2073 133 2073 2074
2074 133 2074 2075
2075 113 2075 2076
2076 113 2076 2077
2077 207 2077 2078
2078 362 2074 2078
2079 368 2078 2079
2080 128 2072 2080
2081 128 2072 2081
2082 128 2072 2082
2083 125 2073 2083
2084 125 2073 2084
2085 125 2075 2085
2086 125 2075 2086
2087 128 2076 2087
2088 128 2076 2088
2089 128 2077 2089
2090 128 2077 2090
2091 113 2091 2092
2092 133 2092 2093
2093 133 2093 2094
2094 113 2094 2095
2095 113 2095 2096
2096 207 2096 2097
2097 362 2093 2097
2098 368 2097 2098
2099 128 2091 2099
2100 128 2091 2100
2101 128 2091 2101
2102 125 2092 2102
2103 125 2092 2103
2104 125 2094 2104
2105 125 2094 2105
2106 128 2095 2106
2107 128 2095 2107
2108 128 2096 2108
2109 128 2096 2109
2110 113 2110 2111
2111 133 2111 2112
2112 133 2112 2113
2113 113 2113 2114
2114 113 2114 2115
2115 207 2115 2116
2116 362 2112 2116
2117 368 2116 2117
2118 128 2110 2118
2119 128 2110 2119
2120 128 2110 2120
2121 125 2111 2121
2122 125 2111 2122
2123 125 2113 2123
2124 125 2113 2124
2125 128 2114 2125
2126 128 2114 2126
2127 128 2115 2127
2128 128 2115 2128
2129 113 2129 2130
2130 133 2130 2131
2131 133 2131 2132
2132 113 2132 2133
2133 113 2133 2134
2134 207 2134 2135
2135 362 2131 2135
2136 368 2135 2136
2137 128 2129 2137
2138 128 2129 2138
2139 128 2129 2139
2140 125 2130 2140
2141 125 2130 2141
2142 125 2132 2142
2143 125 2132 2143
2144 128 2133 2144
2145 128 2133 2145
2146 128 2134 2146
2147 128 2134 2147
2148 113 2148 2149
2149 133 2149 2150
2150 133 2150 2151
2151 113 2151 2152
2152 113 2152 2153
2153 207 2153 2154
2154 362 2150 2154
2155 368 2154 2155
2156 128 2148 2156
2157 128 2148 2157
2158 128 2148 2158
2159 125 2149 2159
2160 125 2149 2160
2161 125 2151 2161
2162 125 2151 2162
2163 128 2152 2163
2164 128 2152 2164
2165 128 2153 2165
2166 128 2153 2166
2167 113 2167 2168
2168 133 2168 2169
2169 133 2169 2170
2170 113 2170 2171
2171 113 2171 2172
2172 207 2172 2173
2173 362 2169 2173
2174 368 2173 2174
2175 128 2167 2175
2176 128 2167 2176
2177 128 2167 2177
2178 125 2168 2178
2179 125 2168 2179
2180 125 2170 2180
2181 125 2170 2181
2182 128 2171 2182
2183 128 2171 2183
2184 128 2172 2184
2185 128 2172 2185
2186 113 2186 2187
2187 133 2187 2188
2188 133 2188 2189
2189 113 2189 2190
2190 113 2190 2191
2191 207 2191 2192
2192 362 2188 2192
2193 368 2192 2193
2194 128 2186 2194
2195 128 2186 2195
2196 128 2186 2196
2197 125 2187 2197
2198 125 2187 2198
2199 125 2189 2199
2200 125 2189 2200
2201 128 2190 2201
2202 128 2190 2202
2203 128 2191 2203
2204 128 2191 2204
2205 113 2205 2206
2206 133 2206 2207
2207 133 2207 2208
2208 113 2208 2209
2209 113 2209 2210
2210 207 2210 2211
2211 362 2207 2211
2212 368 2211 2212
2213 128 2205 2213
2214 128 2205 2214
2215 128 2205 2215
2216 125 2206 2216
2217 125 2206 2217
2218 125 2208 2218
2219 125 2208 2219
2220 128 2209 2220
2221 128 2209 2221
2222 128 2210 2222
2223 128 2210 2223
2224 113 2224 2225
2225 133 2225 2226
2226 133 2226 2227
2227 113 2227 2228
2228 113 2228 2229
2229 207 2229 2230
2230 362 2226 2230
2231 368 2230 2231
2232 128 2224 2232
2233 128 2224 2233
2234 128 2224 2234
2235 125 2225 2235
2236 125 2225 2236
2237 125 2227 2237
2238 125 2227 2238
2239 128 2228 2239
2240 128 2228 2240
2241 128 2229 2241
2242 128 2229 2242
2243 113 2243 2244
2244 133 2244 2245
2245 133 2245 2246
2246 113 2246 2247
2247 113 2247 2248
2248 207 2248 2249
2249 362 2245 2249
2250 368 2249 2250
2251 128 2243 2251
2252 128 2243 2252
2253 128 2243 2253
2254 125 2244 2254
2255 125 2244 2255
2256 125 2246 2256
2257 125 2246 2257
2258 128 2247 2258
2259 128 2247 2259
2260 128 2248 2260
2261 128 2248 2261
2262 113 2262 2263
2263 133 2263 2264
2264 133 2264 2265
2265 113 2265 2266
2266 113 2266 2267
2267 207 2267 2268
2268 362 2264 2268
2269 368 2268 2269
2270 128 2262 2270
2271 128 2262 2271
2272 128 2262 2272
2273 125 2263 2273
2274 125 2263 2274
2275 125 2265 2275
2276 125 2265 2276
2277 128 2266 2277
2278 128 2266 2278
2279 128 2267 2279
2280 128 2267 2280
2281 113 2281 2282
2282 133 2282 2283
2283 133 2283 2284
2284 113 2284 2285
2285 113 2285 2286
2286 207 2286 2287
2287 362 2283 2287
2288 368 2287 2288
2289 128 2281 2289
2290 128 2281 2290
2291 128 2281 2291
2292 125 2282 2292
2293 125 2282 2293
2294 125 2284 2294
2295 125 2284 2295
2296 128 2285 2296
2297 128 2285 2297
2298 128 2286 2298
2299 128 2286 2299
2300 113 2300 2301
2301 133 2301 2302
2302 133 2302 2303
2303 113 2303 2304
2304 113 2304 2305
2305 207 2305 2306
2306 362 2302 2306
2307 368 2306 2307
2308 128 2300 2308
2309 128 2300 2309
2310 128 2300 2310
2311 125 2301 2311
2312 125 2301 2312
2313 125 2303 2313
2314 125 2303 2314
2315 128 2304 2315
2316 128 2304 2316
2317 128 2305 2317
2318 128 2305 2318
2319 113 2319 2320
2320 133 2320 2321
2321 133 2321 2322
2322 113 2322 2323
2323 113 2323 2324
2324 207 2324 2325
2325 362 2321 2325
2326 368 2325 2326
2327 128 2319 2327
2328 128 2319 2328
2329 128 2319 2329
2330 125 2320 2330
2331 125 2320 2331
2332 125 2322 2332
2333 125 2322 2333
2334 128 2323 2334
2335 128 2323 2335
2336 128 2324 2336
2337 128 2324 2337
2338 113 2338 2339
2339 133 2339 2340
2340 133 2340 2341
2341 113 2341 2342
2342 113 2342 2343
2343 207 2343 2344
2344 362 2340 2344
2345 368 2344 2345
2346 128 2338 2346
2347 128 2338 2347
2348 128 2338 2348
2349 125 2339 2349
2350 125 2339 2350
2351 125 2341 2351
2352 125 2341 2352
2353 128 2342 2353
2354 128 2342 2354
2355 128 2343 2355
2356 128 2343 2356
2357 113 2357 2358
2358 133 2358 2359
2359 133 2359 2360
2360 113 2360 2361
2361 113 2361 2362
2362 207 2362 2363
2363 362 2359 2363
2364 368 2363 2364
2365 128 2357 2365
2366 128 2357 2366
2367 128 2357 2367
2368 125 2358 2368
2369 125 2358 2369
2370 125 2360 2370
2371 125 2360 2371
2372 128 2361 2372
2373 128 2361 2373
2374 128 2362 2374
2375 128 2362 2375
2376 113 2376 2377
2377 133 2377 2378
2378 133 2378 2379
2379 113 2379 2380
2380 113 2380 2381
2381 207 2381 2382
2382 362 2378 2382
2383 368 2382 2383
2384 128 2376 2384
2385 128 2376 2385
2386 128 2376 2386
2387 125 2377 2387
2388 125 2377 2388
2389 125 2379 2389
2390 125 2379 2390
2391 128 2380 2391
2392 128 2380 2392
2393 128 2381 2393
2394 128 2381 2394
2395 113 2395 2396
2396 133 2396 2397
2397 133 2397 2398
2398 113 2398 2399
2399 113 2399 2400
2400 207 2400 2401
2401 362 2397 2401
2402 368 2401 2402
2403 128 2395 2403
2404 128 2395 2404
2405 128 2395 2405
2406 125 2396 2406
2407 125 2396 2407
2408 125 2398 2408
2409 125 2398 2409
2410 128 2399 2410
2411 128 2399 2411
2412 128 2400 2412
2413 128 2400 2413
2414 113 2414 2415
2415 133 2415 2416
2416 133 2416 2417
2417 113 2417 2418
2418 113 2418 2419
2419 207 2419 2420
2420 362 2416 2420
2421 368 2420 2421
2422 128 2414 2422
2423 128 2414 2423
2424 128 2414 2424
2425 125 2415 2425
2426 125 2415 2426
2427 125 2417 2427
2428 125 2417 2428
2429 128 2418 2429
2430 128 2418 2430
2431 128 2419 2431
2432 128 2419 2432
2433 113 2433 2434
2434 133 2434 2435
2435 133 2435 2436
2436 113 2436 2437
2437 113 2437 2438
2438 207 2438 2439
2439 362 2435 2439
2440 368 2439 2440
2441 128 2433 2441
2442 128 2433 2442
2443 128 2433 2443
2444 125 2434 2444
2445 125 2434 2445
2446 125 2436 2446
2447 125 2436 2447
2448 128 2437 2448
2449 128 2437 2449
2450 128 2438 2450
2451 128 2438 2451
2452 113 2452 2453
2453 133 2453 2454
2454 133 2454 2455
2455 113 2455 2456
2456 113 2456 2457
2457 207 2457 2458
2458 362 2454 2458
2459 368 2458 2459
2460 128 2452 2460
2461 128 2452 2461
2462 128 2452 2462
2463 125 2453 2463
2464 125 2453 2464
2465 125 2455 2465
2466 125 2455 2466
2467 128 2456 2467
2468 128 2456 2468
2469 128 2457 2469
2470 128 2457 2470
2471 113 2471 2472
2472 133 2472 2473
2473 133 2473 2474
2474 113 2474 2475
2475 113 2475 2476
2476 207 2476 2477
2477 362 2473 2477
2478 368 2477 2478
2479 128 2471 2479
2480 128 2471 2480
2481 128 2471 2481
2482 125 2472 2482
2483 125 2472 2483
2484 125 2474 2484
2485 125 2474 2485
2486 128 2475 2486
2487 128 2475 2487
2488 128 2476 2488
2489 128 2476 2489
2490 113 2490 2491
2491 133 2491 2492
2492 133 2492 2493
2493 113 2493 2494
2494 113 2494 2495
2495 207 2495 2496
2496 362 2492 2496
2497 368 2496 2497
2498 128 2490 2498
2499 128 2490 2499
2500 128 2490 2500
2501 125 2491 2501
2502 125 2491 2502
2503 125 2493 2503
2504 125 2493 2504
2505 128 2494 2505
2506 128 2494 2506
2507 128 2495 2507
2508 128 2495 2508
2509 113 2509 2510
2510 133 2510 2511
2511 133 2511 2512
2512 113 2512 2513
2513 113 2513 2514
2514 207 2514 2515
2515 362 2511 2515
2516 368 2515 2516
2517 128 2509 2517
2518 128 2509 2518
2519 128 2509 2519
2520 125 2510 2520
2521 125 2510 2521
2522 125 2512 2522
2523 125 2512 2523
2524 128 2513 2524
2525 128 2513 2525
2526 128 2514 2526
2527 128 2514 2527
2528 113 2528 2529
2529 133 2529 2530
2530 133 2530 2531
2531 113 2531 2532
2532 113 2532 2533
2533 207 2533 2534
2534 362 2530 2534
2535 368 2534 2535
2536 128 2528 2536
2537 128 2528 2537
2538 128 2528 2538
2539 125 2529 2539
2540 125 2529 2540
2541 125 2531 2541
2542 125 2531 2542
2543 128 2532 2543
2544 128 2532 2544
2545 128 2533 2545
2546 128 2533 2546
2547 113 2547 2548
2548 133 2548 2549
2549 133 2549 2550
2550 113 2550 2551
2551 113 2551 2552
2552 207 2552 2553
2553 362 2549 2553
2554 368 2553 2554
2555 128 2547 2555
2556 128 2547 2556
2557 128 2547 2557
2558 125 2548 2558
2559 125 2548 2559
2560 125 2550 2560
2561 125 2550 2561
2562 128 2551 2562
2563 128 2551 2563
2564 128 2552 2564
2565 128 2552 2565
2566 113 2566 2567
2567 133 2567 2568
2568 133 2568 2569
2569 113 2569 2570
2570 113 2570 2571
2571 207 2571 2572
2572 362 2568 2572
2573 368 2572 2573
2574 128 2566 2574
2575 128 2566 2575
2576 128 2566 2576
2577 125 2567 2577
2578 125 2567 2578
2579 125 2569 2579
2580 125 2569 2580
2581 128 2570 2581
2582 128 2570 2582
2583 128 2571 2583
2584 128 2571 2584
2585 113 2585 2586
2586 133 2586 2587
2587 133 2587 2588
2588 113 2588 2589
2589 113 2589 2590
2590 207 2590 2591
2591 362 2587 2591
2592 368 2591 2592
2593 128 2585 2593
2594 128 2585 2594
2595 128 2585 2595
2596 125 2586 2596
2597 125 2586 2597
2598 125 2588 2598
2599 125 2588 2599
2600 128 2589 2600
2601 128 2589 2601
2602 128 2590 2602
2603 128 2590 2603
2604 113 2604 2605
2605 133 2605 2606
2606 133 2606 2607
2607 113 2607 2608
2608 113 2608 2609
2609 207 2609 2610
2610 362 2606 2610
2611 368 2610 2611
2612 128 2604 2612
2613 128 2604 2613
2614 128 2604 2614
2615 125 2605 2615
2616 125 2605 2616
2617 125 2607 2617
2618 125 2607 2618
2619 128 2608 2619
2620 128 2608 2620
2621 128 2609 2621
2622 128 2609 2622
2623 113 2623 2624
2624 133 2624 2625
2625 133 2625 2626
2626 113 2626 2627
2627 113 2627 2628
2628 207 2628 2629
2629 362 2625 2629
2630 368 2629 2630
2631 128 2623 2631
2632 128 2623 2632
2633 128 2623 2633
2634 125 2624 2634
2635 125 2624 2635
2636 125 2626 2636
2637 125 2626 2637
2638 128 2627 2638
2639 128 2627 2639
2640 128 2628 2640
2641 128 2628 2641
2642 113 2642 2643
2643 133 2643 2644
2644 133 2644 2645
2645 113 2645 2646
2646 113 2646 2647
2647 207 2647 2648
2648 362 2644 2648
2649 368 2648 2649
2650 128 2642 2650
2651 128 2642 2651
2652 128 2642 2652
2653 125 2643 2653
2654 125 2643 2654
2655 125 2645 2655
2656 125 2645 2656
2657 128 2646 2657
2658 128 2646 2658
2659 128 2647 2659
2660 128 2647 2660
2661 113 2661 2662
2662 133 2662 2663
2663 133 2663 2664
2664 113 2664 2665
2665 113 2665 2666
2666 207 2666 2667
2667 362 2663 2667
2668 368 2667 2668
2669 128 2661 2669
2670 128 2661 2670
2671 128 2661 2671
2672 125 2662 2672
2673 125 2662 2673
2674 125 2664 2674
2675 125 2664 2675
2676 128 2665 2676
2677 128 2665 2677
2678 128 2666 2678
2679 128 2666 2679
2680 113 2680 2681
2681 133 2681 2682
2682 133 2682 2683
2683 113 2683 2684
2684 113 2684 2685
2685 207 2685 2686
2686 362 2682 2686
2687 368 2686 2687
2688 128 2680 2688
2689 128 2680 2689
2690 128 2680 2690
2691 125 2681 2691
2692 125 2681 2692
2693 125 2683 2693
2694 125 2683 2694
2695 128 2684 2695
2696 128 2684 2696
2697 128 2685 2697
2698 128 2685 2698
2699 113 2699 2700
2700 133 2700 2701
2701 133 2701 2702
2702 113 2702 2703
2703 113 2703 2704
2704 207 2704 2705
2705 362 2701 2705
2706 368 2705 2706
2707 128 2699 2707
2708 128 2699 2708
2709 128 2699 2709
2710 125 2700 2710
2711 125 2700 2711
2712 125 2702 2712
2713 125 2702 2713
2714 128 2703 2714
2715 128 2703 2715
2716 128 2704 2716
2717 128 2704 2717
2718 113 2718 2719
2719 133 2719 2720
2720 133 2720 2721
2721 113 2721 2722
2722 113 2722 2723
2723 207 2723 2724
2724 362 2720 2724
2725 368 2724 2725
2726 128 2718 2726
2727 128 2718 2727
2728 128 2718 2728
2729 125 2719 2729
2730 125 2719 2730
2731 125 2721 2731
2732 125 2721 2732
2733 128 2722 2733
2734 128 2722 2734
2735 128 2723 2735
2736 128 2723 2736
2737 113 2737 2738
2738 133 2738 2739
2739 133 2739 2740
2740 113 2740 2741
2741 113 2741 2742
2742 207 2742 2743
2743 362 2739 2743
2744 368 2743 2744
2745 128 2737 2745
2746 128 2737 2746
2747 128 2737 2747
2748 125 2738 2748
2749 125 2738 2749
2750 125 2740 2750
2751 125 2740 2751
2752 128 2741 2752
2753 128 2741 2753
2754 128 2742 2754
2755 128 2742 2755
2756 113 2756 2757
2757 133 2757 2758
2758 133 2758 2759
2759 113 2759 2760
2760 113 2760 2761
2761 207 2761 2762
2762 362 2758 2762
2763 368 2762 2763
2764 128 2756 2764
2765 128 2756 2765
2766 128 2756 2766
2767 125 2757 2767
2768 125 2757 2768
2769 125 2759 2769
2770 125 2759 2770
2771 128 2760 2771
2772 128 2760 2772
2773 128 2761 2773
2774 128 2761 2774
2775 113 2775 2776
2776 133 2776 2777
2777 133 2777 2778
2778 113 2778 2779
2779 113 2779 2780
2780 207 2780 2781
2781 362 2777 2781
2782 368 2781 2782
2783 128 2775 2783
2784 128 2775 2784
2785 128 2775 2785
2786 125 2776 2786
2787 125 2776 2787
2788 125 2778 2788
2789 125 2778 2789
2790 128 2779 2790
2791 128 2779 2791
2792 128 2780 2792
2793 128 2780 2793
2794 113 2794 2795
2795 133 2795 2796
2796 133 2796 2797
2797 113 2797 2798
2798 113 2798 2799
2799 207 2799 2800
2800 362 2796 2800
2801 368 2800 2801
2802 128 2794 2802
2803 128 2794 2803
2804 128 2794 2804
2805 125 2795 2805
2806 125 2795 2806
2807 125 2797 2807
2808 125 2797 2808
2809 128 2798 2809
2810 128 2798 2810
2811 128 2799 2811
2812 128 2799 2812
2813 113 2813 2814
2814 133 2814 2815
2815 133 2815 2816
2816 113 2816 2817
2817 113 2817 2818
2818 207 2818 2819
2819 362 2815 2819
2820 368 2819 2820
2821 128 2813 2821
2822 128 2813 2822
2823 128 2813 2823
2824 125 2814 2824
2825 125 2814 2825
2826 125 2816 2826
2827 125 2816 2827
2828 128 2817 2828
2829 128 2817 2829
2830 128 2818 2830
2831 128 2818 2831
2832 113 2832 2833
2833 133 2833 2834
2834 133 2834 2835
2835 113 2835 2836
2836 113 2836 2837
2837 207 2837 2838
2838 362 2834 2838
2839 368 2838 2839
2840 128 2832 2840
2841 128 2832 2841
2842 128 2832 2842
2843 125 2833 2843
2844 125 2833 2844
2845 125 2835 2845
2846 125 2835 2846
2847 128 2836 2847
2848 128 2836 2848
2849 128 2837 2849
2850 128 2837 2850
2851 113 2851 2852
2852 133 2852 2853
2853 133 2853 2854
2854 113 2854 2855
2855 113 2855 2856
2856 207 2856 2857
2857 362 2853 2857
2858 368 2857 2858
2859 128 2851 2859
2860 128 2851 2860
2861 128 2851 2861
2862 125 2852 2862
2863 125 2852 2863
2864 125 2854 2864
2865 125 2854 2865
2866 128 2855 2866
2867 128 2855 2867
2868 128 2856 2868
2869 128 2856 2869
2870 113 2870 2871
2871 133 2871 2872
2872 133 2872 2873
2873 113 2873 2874
2874 113 2874 2875
2875 207 2875 2876
2876 362 2872 2876
2877 368 2876 2877
2878 128 2870 2878
2879 128 2870 2879
2880 128 2870 2880
2881 125 2871 2881
2882 125 2871 2882
2883 125 2873 2883
2884 125 2873 2884
2885 128 2874 2885
2886 128 2874 2886
2887 128 2875 2887
2888 128 2875 2888
2889 113 2889 2890
2890 133 2890 2891
2891 133 2891 2892
2892 113 2892 2893
2893 113 2893 2894
2894 207 2894 2895
2895 362 2891 2895
2896 368 2895 2896
2897 128 2889 2897
2898 128 2889 2898
2899 128 2889 2899
2900 125 2890 2900
2901 125 2890 2901
2902 125 2892 2902
2903 125 2892 2903
2904 128 2893 2904
2905 128 2893 2905
2906 128 2894 2906
2907 128 2894 2907
2908 113 2908 2909
2909 133 2909 2910
2910 133 2910 2911
2911 113 2911 2912
2912 113 2912 2913
2913 207 2913 2914
2914 362 2910 2914
2915 368 2914 2915
2916 128 2908 2916
2917 128 2908 2917
2918 128 2908 2918
2919 125 2909 2919
2920 125 2909 2920
2921 125 2911 2921
2922 125 2911 2922
2923 128 2912 2923
2924 128 2912 2924
2925 128 2913 2925
2926 128 2913 2926
2927 113 2927 2928
2928 133 2928 2929
2929 133 2929 2930
2930 113 2930 2931
2931 113 2931 2932
2932 207 2932 2933
2933 362 2929 2933
2934 368 2933 2934
2935 128 2927 2935
2936 128 2927 2936
2937 128 2927 2937
2938 125 2928 2938
2939 125 2928 2939
2940 125 2930 2940
2941 125 2930 2941
2942 128 2931 2942
2943 128 2931 2943
2944 128 2932 2944
2945 128 2932 2945
2946 113 2946 2947
2947 133 2947 2948
2948 133 2948 2949
2949 113 2949 2950
2950 113 2950 2951
2951 207 2951 2952
2952 362 2948 2952
2953 368 2952 2953
2954 128 2946 2954
2955 128 2946 2955
2956 128 2946 2956
2957 125 2947 2957
2958 125 2947 2958
2959 125 2949 2959
2960 125 2949 2960
2961 128 2950 2961
2962 128 2950 2962
2963 128 2951 2963
2964 128 2951 2964
2965 113 2965 2966
2966 133 2966 2967
2967 133 2967 2968
2968 113 2968 2969
2969 113 2969 2970
2970 207 2970 2971
2971 362 2967 2971
2972 368 2971 2972
2973 128 2965 2973
2974 128 2965 2974
2975 128 2965 2975
2976 125 2966 2976
2977 125 2966 2977
2978 125 2968 2978
2979 125 2968 2979
2980 128 2969 2980
2981 128 2969 2981
2982 128 2970 2982
2983 128 2970 2983
2984 113 2984 2985
2985 133 2985 2986
2986 133 2986 2987
2987 113 2987 2988
2988 113 2988 2989
2989 207 2989 2990
2990 362 2986 2990
2991 368 2990 2991
2992 128 2984 2992
2993 128 2984 2993
2994 128 2984 2994
2995 125 2985 2995
2996 125 2985 2996
2997 125 2987 2997
2998 125 2987 2998
2999 128 2988 2999
3000 128 2988 3000
3001 128 2989 3001
3002 128 2989 3002
3003 113 3003 3004
3004 133 3004 3005
3005 133 3005 3006
3006 113 3006 3007
3007 113 3007 3008
3008 207 3008 3009
3009 362 3005 3009
3010 368 3009 3010
3011 128 3003 3011
3012 128 3003 3012
3013 128 3003 3013
3014 125 3004 3014
3015 125 3004 3015
3016 125 3006 3016
3017 125 3006 3017
3018 128 3007 3018
3019 128 3007 3019
3020 128 3008 3020
3021 128 3008 3021
3022 113 3022 3023
3023 133 3023 3024
3024 133 3024 3025
3025 113 3025 3026
3026 113 3026 3027
3027 207 3027 3028
3028 362 3024 3028
3029 368 3028 3029
3030 128 3022 3030
3031 128 3022 3031
3032 128 3022 3032
3033 125 3023 3033
3034 125 3023 3034
3035 125 3025 3035
3036 125 3025 3036
3037 128 3026 3037
3038 128 3026 3038
3039 128 3027 3039
3040 128 3027 3040
3041 113 3041 3042
3042 133 3042 3043
3043 133 3043 3044
3044 113 3044 3045
3045 113 3045 3046
3046 207 3046 3047
3047 362 3043 3047
3048 368 3047 3048
3049 128 3041 3049
3050 128 3041 3050
3051 128 3041 3051
3052 125 3042 3052
3053 125 3042 3053
3054 125 3044 3054
3055 125 3044 3055
3056 128 3045 3056
3057 128 3045 3057
3058 128 3046 3058
3059 128 3046 3059
3060 113 3060 3061
3061 133 3061 3062
3062 133 3062 3063
3063 113 3063 3064
3064 113 3064 3065
3065 207 3065 3066
3066 362 3062 3066
3067 368 3066 3067
3068 128 3060 3068
3069 128 3060 3069
3070 128 3060 3070
3071 125 3061 3071
3072 125 3061 3072
3073 125 3063 3073
3074 125 3063 3074
3075 128 3064 3075
3076 128 3064 3076
3077 128 3065 3077
3078 128 3065 3078
3079 113 3079 3080
3080 133 3080 3081
3081 133 3081 3082
3082 113 3082 3083
3083 113 3083 3084
3084 207 3084 3085
3085 362 3081 3085
3086 368 3085 3086
3087 128 3079 3087
3088 128 3079 3088
3089 128 3079 3089
3090 125 3080 3090
3091 125 3080 3091
3092 125 3082 3092
3093 125 3082 3093
3094 128 3083 3094
3095 128 3083 3095
3096 128 3084 3096
3097 128 3084 3097
3098 113 3098 3099
3099 133 3099 3100
3100 133 3100 3101
3101 113 3101 3102
3102 113 3102 3103
3103 207 3103 3104
3104 362 3100 3104
3105 368 3104 3105
3106 128 3098 3106
3107 128 3098 3107
3108 128 3098 3108
3109 125 3099 3109
3110 125 3099 3110
3111 125 3101 3111
3112 125 3101 3112
3113 128 3102 3113
3114 128 3102 3114
3115 128 3103 3115
3116 128 3103 3116
3117 113 3117 3118
3118 133 3118 3119
3119 133 3119 3120
3120 113 3120 3121
3121 113 3121 3122
3122 207 3122 3123
3123 362 3119 3123
3124 368 3123 3124
3125 128 3117 3125
3126 128 3117 3126
3127 128 3117 3127
3128 125 3118 3128
3129 125 3118 3129
3130 125 3120 3130
3131 125 3120 3131
3132 128 3121 3132
3133 128 3121 3133
3134 128 3122 3134
3135 128 3122 3135
3136 113 3136 3137
3137 133 3137 3138
3138 133 3138 3139
3139 113 3139 3140
3140 113 3140 3141
3141 207 3141 3142
3142 362 3138 3142
3143 368 3142 3143
3144 128 3136 3144
3145 128 3136 3145
3146 128 3136 3146
3147 125 3137 3147
3148 125 3137 3148
3149 125 3139 3149
3150 125 3139 3150
3151 128 3140 3151
3152 128 3140 3152
3153 128 3141 3153
3154 128 3141 3154
3155 113 3155 3156
3156 133 3156 3157
3157 133 3157 3158
3158 113 3158 3159
3159 113 3159 3160
3160 207 3160 3161
3161 362 3157 3161
3162 368 3161 3162
3163 128 3155 3163
3164 128 3155 3164
3165 128 3155 3165
3166 125 3156 3166
3167 125 3156 3167
3168 125 3158 3168
3169 125 3158 3169
3170 128 3159 3170
3171 128 3159 3171
3172 128 3160 3172
3173 128 3160 3173
3174 113 3174 3175
3175 133 3175 3176
3176 133 3176 3177
3177 113 3177 3178
3178 113 3178 3179
3179 207 3179 3180
3180 362 3176 3180
3181 368 3180 3181
3182 128 3174 3182
3183 128 3174 3183
3184 128 3174 3184
3185 125 3175 3185
3186 125 3175 3186
3187 125 3177 3187
3188 125 3177 3188
3189 128 3178 3189
3190 128 3178 3190
3191 128 3179 3191
3192 128 3179 3192
3193 113 3193 3194
3194 133 3194 3195
3195 133 3195 3196
3196 113 3196 3197
3197 113 3197 3198
3198 207 3198 3199
3199 362 3195 3199
3200 368 3199 3200
3201 128 3193 3201
3202 128 3193 3202
3203 128 3193 3203
3204 125 3194 3204
3205 125 3194 3205
3206 125 3196 3206
3207 125 3196 3207
3208 128 3197 3208
3209 128 3197 3209
3210 128 3198 3210
3211 128 3198 3211
3212 113 3212 3213
3213 133 3213 3214
3214 133 3214 3215
3215 113 3215 3216
3216 113 3216 3217
3217 207 3217 3218
3218 362 3214 3218
3219 368 3218 3219
3220 128 3212 3220
3221 128 3212 3221
3222 128 3212 3222
3223 125 3213 3223
3224 125 3213 3224
3225 125 3215 3225
3226 125 3215 3226
3227 128 3216 3227
3228 128 3216 3228
3229 128 3217 3229
3230 128 3217 3230
3231 113 3231 3232
3232 133 3232 3233
3233 133 3233 3234
3234 113 3234 3235
3235 113 3235 3236
3236 207 3236 3237
3237 362 3233 3237
3238 368 3237 3238
3239 128 3231 3239
3240 128 3231 3240
3241 128 3231 3241
3242 125 3232 3242
3243 125 3232 3243
3244 125 3234 3244
3245 125 3234 3245
3246 128 3235 3246
3247 128 3235 3247
3248 128 3236 3248
3249 128 3236 3249
3250 113 3250 3251
3251 133 3251 3252
3252 133 3252 3253
3253 113 3253 3254
3254 113 3254 3255
3255 207 3255 3256
3256 362 3252 3256
3257 368 3256 3257
3258 128 3250 3258
3259 128 3250 3259
3260 128 3250 3260
3261 125 3251 3261
3262 125 3251 3262
3263 125 3253 3263
3264 125 3253 3264
3265 128 3254 3265
3266 128 3254 3266
3267 128 3255 3267
3268 128 3255 3268
3269 113 3269 3270
3270 133 3270 3271
3271 133 3271 3272
3272 113 3272 3273
3273 113 3273 3274
3274 207 3274 3275
3275 362 3271 3275
3276 368 3275 3276
3277 128 3269 3277
3278 128 3269 3278
3279 128 3269 3279
3280 125 3270 3280
3281 125 3270 3281
3282 125 3272 3282
3283 125 3272 3283
3284 128 3273 3284
3285 128 3273 3285
3286 128 3274 3286
3287 128 3274 3287
3288 113 3288 3289
3289 133 3289 3290
3290 133 3290 3291
3291 113 3291 3292
3292 113 3292 3293
3293 207 3293 3294
3294 362 3290 3294
3295 368 3294 3295
3296 128 3288 3296
3297 128 3288 3297
3298 128 3288 3298
3299 125 3289 3299
3300 125 3289 3300
3301 125 3291 3301
3302 125 3291 3302
3303 128 3292 3303
3304 128 3292 3304
3305 128 3293 3305
3306 128 3293 3306
3307 113 3307 3308
3308 133 3308 3309
3309 133 3309 3310
3310 113 3310 3311
3311 113 3311 3312
3312 207 3312 3313
3313 362 3309 3313
3314 368 3313 3314
3315 128 3307 3315
3316 128 3307 3316
3317 128 3307 3317
3318 125 3308 3318
3319 125 3308 3319
3320 125 3310 3320
3321 125 3310 3321
3322 128 3311 3322
3323 128 3311 3323
3324 128 3312 3324
3325 128 3312 3325
3326 113 3326 3327
3327 133 3327 3328
3328 133 3328 3329
3329 113 3329 3330
3330 113 3330 3331
3331 207 3331 3332
3332 362 3328 3332
3333 368 3332 3333
3334 128 3326 3334
3335 128 3326 3335
3336 128 3326 3336
3337 125 3327 3337
3338 125 3327 3338
3339 125 3329 3339
3340 125 3329 3340
3341 128 3330 3341
3342 128 3330 3342
3343 128 3331 3343
3344 128 3331 3344
3345 113 3345 3346
3346 133 3346 3347
3347 133 3347 3348
3348 113 3348 3349
3349 113 3349 3350
3350 207 3350 3351
3351 362 3347 3351
3352 368 3351 3352
3353 128 3345 3353
3354 128 3345 3354
3355 128 3345 3355
3356 125 3346 3356
3357 125 3346 3357
3358 125 3348 3358
3359 125 3348 3359
3360 128 3349 3360
3361 128 3349 3361
3362 128 3350 3362
3363 128 3350 3363
3364 113 3364 3365
3365 133 3365 3366
3366 133 3366 3367
3367 113 3367 3368
3368 113 3368 3369
3369 207 3369 3370
3370 362 3366 3370
3371 368 3370 3371
3372 128 3364 3372
3373 128 3364 3373
3374 128 3364 3374
3375 125 3365 3375
3376 125 3365 3376
3377 125 3367 3377
3378 125 3367 3378
3379 128 3368 3379
3380 128 3368 3380
3381 128 3369 3381
3382 128 3369 3382
3383 113 3383 3384
3384 133 3384 3385
3385 133 3385 3386
3386 113 3386 3387
3387 113 3387 3388
3388 207 3388 3389
3389 362 3385 3389
3390 368 3389 3390
3391 128 3383 3391
3392 128 3383 3392
3393 128 3383 3393
3394 125 3384 3394
3395 125 3384 3395
3396 125 3386 3396
3397 125 3386 3397
3398 128 3387 3398
3399 128 3387 3399
3400 128 3388 3400
3401 128 3388 3401
3402 113 3402 3403
3403 133 3403 3404
3404 133 3404 3405
3405 113 3405 3406
3406 113 3406 3407
3407 207 3407 3408
3408 362 3404 3408
3409 368 3408 3409
3410 128 3402 3410
3411 128 3402 3411
3412 128 3402 3412
3413 125 3403 3413
3414 125 3403 3414
3415 125 3405 3415
3416 125 3405 3416
3417 128 3406 3417
3418 128 3406 3418
3419 128 3407 3419
3420 128 3407 3420
3421 113 3421 3422
3422 133 3422 3423
3423 133 3423 3424
3424 113 3424 3425
3425 113 3425 3426
3426 207 3426 3427
3427 362 3423 3427
3428 368 3427 3428
3429 128 3421 3429
3430 128 3421 3430
3431 128 3421 3431
3432 125 3422 3432
3433 125 3422 3433
3434 125 3424 3434
3435 125 3424 3435
3436 128 3425 3436
3437 128 3425 3437
3438 128 3426 3438
3439 128 3426 3439
3440 113 3440 3441
3441 133 3441 3442
3442 133 3442 3443
3443 113 3443 3444
3444 113 3444 3445
3445 207 3445 3446
3446 362 3442 3446
3447 368 3446 3447
3448 128 3440 3448
3449 128 3440 3449
3450 128 3440 3450
3451 125 3441 3451
3452 125 3441 3452
3453 125 3443 3453
3454 125 3443 3454
3455 128 3444 3455
3456 128 3444 3456
3457 128 3445 3457
3458 128 3445 3458
3459 113 3459 3460
3460 133 3460 3461
3461 133 3461 3462
3462 113 3462 3463
3463 113 3463 3464
3464 207 3464 3465
3465 362 3461 3465
3466 368 3465 3466
3467 128 3459 3467
3468 128 3459 3468
3469 128 3459 3469
3470 125 3460 3470
3471 125 3460 3471
3472 125 3462 3472
3473 125 3462 3473
3474 128 3463 3474
3475 128 3463 3475
3476 128 3464 3476
3477 128 3464 3477
3478 113 3478 3479
3479 133 3479 3480
3480 133 3480 3481
3481 113 3481 3482
3482 113 3482 3483
3483 207 3483 3484
3484 362 3480 3484
3485 368 3484 3485
3486 128 3478 3486
3487 128 3478 3487
3488 128 3478 3488
3489 125 3479 3489
3490 125 3479 3490
3491 125 3481 3491
3492 125 3481 3492
3493 128 3482 3493
3494 128 3482 3494
3495 128 3483 3495
3496 128 3483 3496
3497 113 3497 3498
3498 133 3498 3499
3499 133 3499 3500
3500 113 3500 3501
3501 113 3501 3502
3502 207 3502 3503
3503 362 3499 3503
3504 368 3503 3504
3505 128 3497 3505
3506 128 3497 3506
3507 128 3497 3507
3508 125 3498 3508
3509 125 3498 3509
3510 125 3500 3510
3511 125 3500 3511
3512 128 3501 3512
3513 128 3501 3513
3514 128 3502 3514
3515 128 3502 3515
3516 113 3516 3517
3517 133 3517 3518
3518 133 3518 3519
3519 113 3519 3520
3520 113 3520 3521
3521 207 3521 3522
3522 362 3518 3522
3523 368 3522 3523
3524 128 3516 3524
3525 128 3516 3525
3526 128 3516 3526
3527 125 3517 3527
3528 125 3517 3528
3529 125 3519 3529
3530 125 3519 3530
3531 128 3520 3531
3532 128 3520 3532
3533 128 3521 3533
3534 128 3521 3534
3535 113 3535 3536
3536 133 3536 3537
3537 133 3537 3538
3538 113 3538 3539
3539 113 3539 3540
3540 207 3540 3541
3541 362 3537 3541
3542 368 3541 3542
3543 128 3535 3543
3544 128 3535 3544
3545 128 3535 3545
3546 125 3536 3546
3547 125 3536 3547
3548 125 3538 3548
3549 125 3538 3549
3550 128 3539 3550
3551 128 3539 3551
3552 128 3540 3552
3553 128 3540 3553
3554 113 3554 3555
3555 133 3555 3556
3556 133 3556 3557
3557 113 3557 3558
3558 113 3558 3559
3559 207 3559 3560
3560 362 3556 3560
3561 368 3560 3561
3562 128 3554 3562
3563 128 3554 3563
3564 128 3554 3564
3565 125 3555 3565
3566 125 3555 3566
3567 125 3557 3567
3568 125 3557 3568
3569 128 3558 3569
3570 128 3558 3570
3571 128 3559 3571
3572 128 3559 3572
3573 113 3573 3574
3574 133 3574 3575
3575 133 3575 3576
3576 113 3576 3577
3577 113 3577 3578
3578 207 3578 3579
3579 362 3575 3579
3580 368 3579 3580
3581 128 3573 3581
3582 128 3573 3582
3583 128 3573 3583
3584 125 3574 3584
3585 125 3574 3585
3586 125 3576 3586
3587 125 3576 3587
3588 128 3577 3588
3589 128 3577 3589
3590 128 3578 3590
3591 128 3578 3591
3592 113 3592 3593
3593 133 3593 3594
3594 133 3594 3595
3595 113 3595 3596
3596 113 3596 3597
3597 207 3597 3598
3598 362 3594 3598
3599 368 3598 3599
3600 128 3592 3600
3601 128 3592 3601
3602 128 3592 3602
3603 125 3593 3603
3604 125 3593 3604
3605 125 3595 3605
3606 125 3595 3606
3607 128 3596 3607
3608 128 3596 3608
3609 128 3597 3609
3610 128 3597 3610
