1 2 3 6 7 8
2 2 22 25 26 27
3 2 41 44 45 46
4 2 60 63 64 65
5 2 79 82 83 84
6 2 98 101 102 103
7 2 117 120 121 122
8 2 136 139 140 141
9 2 155 158 159 160
10 2 174 177 178 179
11 2 193 196 197 198
12 2 212 215 216 217
13 2 231 234 235 236
14 2 250 253 254 255
15 2 269 272 273 274
16 2 288 291 292 293
17 2 307 310 311 312
18 2 326 329 330 331
19 2 345 348 349 350
20 2 364 367 368 369
21 2 383 386 387 388
22 2 402 405 406 407
23 2 421 424 425 426
24 2 440 443 444 445
25 2 459 462 463 464
26 2 478 481 482 483
27 2 497 500 501 502
28 2 516 519 520 521
29 2 535 538 539 540
30 2 554 557 558 559
31 2 573 576 577 578
32 2 592 595 596 597
33 2 611 614 615 616
34 2 630 633 634 635
35 2 649 652 653 654
36 2 668 671 672 673
37 2 687 690 691 692
38 2 706 709 710 711
39 2 725 728 729 730
40 2 744 747 748 749
41 2 763 766 767 768
42 2 782 785 786 787
43 2 801 804 805 806
44 2 820 823 824 825
45 2 839 842 843 844
46 2 858 861 862 863
47 2 877 880 881 882
48 2 896 899 900 901
49 2 915 918 919 920
50 2 934 937 938 939
51 2 953 956 957 958
52 2 972 975 976 977
53 2 991 994 995 996
54 2 1010 1013 1014 1015
55 2 1029 1032 1033 1034
56 2 1048 1051 1052 1053
57 2 1067 1070 1071 1072
58 2 1086 1089 1090 1091
59 2 1105 1108 1109 1110
60 2 1124 1127 1128 1129
61 2 1143 1146 1147 1148
62 2 1162 1165 1166 1167
63 2 1181 1184 1185 1186
64 2 1200 1203 1204 1205
65 2 1219 1222 1223 1224
66 2 1238 1241 1242 1243
67 2 1257 1260 1261 1262
68 2 1276 1279 1280 1281
69 2 1295 1298 1299 1300
70 2 1314 1317 1318 1319
71 2 1333 1336 1337 1338
72 2 1352 1355 1356 1357
73 2 1371 1374 1375 1376
74 2 1390 1393 1394 1395
75 2 1409 1412 1413 1414
76 2 1428 1431 1432 1433
77 2 1447 1450 1451 1452
78 2 1466 1469 1470 1471
79 2 1485 1488 1489 1490
80 2 1504 1507 1508 1509
81 2 1523 1526 1527 1528
82 2 1542 1545 1546 1547
83 2 1561 1564 1565 1566
84 2 1580 1583 1584 1585
85 2 1599 1602 1603 1604
86 2 1618 1621 1622 1623
87 2 1637 1640 1641 1642
88 2 1656 1659 1660 1661
89 2 1675 1678 1679 1680
90 2 1694 1697 1698 1699
91 2 1713 1716 1717 1718
92 2 1732 1735 1736 1737
93 2 1751 1754 1755 1756
94 2 1770 1773 1774 1775
95 2 1789 1792 1793 1794
96 2 1808 1811 1812 1813
97 2 1827 1830 1831 1832
98 2 1846 1849 1850 1851
99 2 1865 1868 1869 1870
100 2 1884 1887 1888 1889
101 2 1903 1906 1907 1908
102 2 1922 1925 1926 1927
103 2 1941 1944 1945 1946
104 2 1960 1963 1964 1965
105 2 1979 1982 1983 1984
106 2 1998 2001 2002 2003
107 2 2017 2020 2021 2022
108 2 2036 2039 2040 2041
109 2 2055 2058 2059 2060
110 2 2074 2077 2078 2079
111 2 2093 2096 2097 2098
112 2 2112 2115 2116 2117
113 2 2131 2134 2135 2136
114 2 2150 2153 2154 2155
115 2 2169 2172 2173 2174
116 2 2188 2191 2192 2193
117 2 2207 2210 2211 2212
118 2 2226 2229 2230 2231
119 2 2245 2248 2249 2250
120 2 2264 2267 2268 2269
121 2 2283 2286 2287 2288
122 2 2302 2305 2306 2307
123 2 2321 2324 2325 2326
124 2 2340 2343 2344 2345
125 2 2359 2362 2363 2364
126 2 2378 2381 2382 2383
127 2 2397 2400 2401 2402
128 2 2416 2419 2420 2421
129 2 2435 2438 2439 2440
130 2 2454 2457 2458 2459
131 2 2473 2476 2477 2478
132 2 2492 2495 2496 2497
133 2 2511 2514 2515 2516
134 2 2530 2533 2534 2535
135 2 2549 2552 2553 2554
136 2 2568 2571 2572 2573
137 2 2587 2590 2591 2592
138 2 2606 2609 2610 2611
139 2 2625 2628 2629 2630
140 2 2644 2647 2648 2649
141 2 2663 2666 2667 2668
142 2 2682 2685 2686 2687
143 2 2701 2704 2705 2706
144 2 2720 2723 2724 2725
145 2 2739 2742 2743 2744
146 2 2758 2761 2762 2763
147 2 2777 2780 2781 2782
148 2 2796 2799 2800 2801
149 2 2815 2818 2819 2820
150 2 2834 2837 2838 2839
151 2 2853 2856 2857 2858
152 2 2872 2875 2876 2877
153 2 2891 2894 2895 2896
154 2 2910 2913 2914 2915
155 2 2929 2932 2933 2934
156 2 2948 2951 2952 2953
157 2 2967 2970 2971 2972
158 2 2986 2989 2990 2991
159 2 3005 3008 3009 3010
160 2 3024 3027 3028 3029
161 2 3043 3046 3047 3048
162 2 3062 3065 3066 3067
163 2 3081 3084 3085 3086
164 2 3100 3103 3104 3105
165 2 3119 3122 3123 3124
166 2 3138 3141 3142 3143
167 2 3157 3160 3161 3162
168 2 3176 3179 3180 3181
169 2 3195 3198 3199 3200
170 2 3214 3217 3218 3219
171 2 3233 3236 3237 3238
172 2 3252 3255 3256 3257
173 2 3271 3274 3275 3276
174 2 3290 3293 3294 3295
175 2 3309 3312 3313 3314
176 2 3328 3331 3332 3333
177 2 3347 3350 3351 3352
178 2 3366 3369 3370 3371
179 2 3385 3388 3389 3390
180 2 3404 3407 3408 3409
181 2 3423 3426 3427 3428
182 2 3442 3445 3446 3447
183 2 3461 3464 3465 3466
184 2 3480 3483 3484 3485
185 2 3499 3502 3503 3504
186 2 3518 3521 3522 3523
187 2 3537 3540 3541 3542
188 2 3556 3559 3560 3561
189 2 3575 3578 3579 3580
190 2 3594 3597 3598 3599
191 7 2 4 3 7
192 7 21 23 22 26
193 7 40 42 41 45
194 7 59 61 60 64
195 7 78 80 79 83
196 7 97 99 98 102
197 7 116 118 117 121
198 7 135 137 136 140
199 7 154 156 155 159
200 7 173 175 174 178
201 7 192 194 193 197
202 7 211 213 212 216
203 7 230 232 231 235
204 7 249 251 250 254
205 7 268 270 269 273
206 7 287 289 288 292
207 7 306 308 307 311
208 7 325 327 326 330
209 7 344 346 345 349
210 7 363 365 364 368
211 7 382 384 383 387
212 7 401 403 402 406
213 7 420 422 421 425
214 7 439 441 440 444
215 7 458 460 459 463
216 7 477 479 478 482
217 7 496 498 497 501
218 7 515 517 516 520
219 7 534 536 535 539
220 7 553 555 554 558
221 7 572 574 573 577
222 7 591 593 592 596
223 7 610 612 611 615
224 7 629 631 630 634
225 7 648 650 649 653
226 7 667 669 668 672
227 7 686 688 687 691
228 7 705 707 706 710
229 7 724 726 725 729
230 7 743 745 744 748
231 7 762 764 763 767
232 7 781 783 782 786
233 7 800 802 801 805
234 7 819 821 820 824
235 7 838 840 839 843
236 7 857 859 858 862
237 7 876 878 877 881
238 7 895 897 896 900
239 7 914 916 915 919
240 7 933 935 934 938
241 7 952 954 953 957
242 7 971 973 972 976
243 7 990 992 991 995
244 7 1009 1011 1010 1014
245 7 1028 1030 1029 1033
246 7 1047 1049 1048 1052
247 7 1066 1068 1067 1071
248 7 1085 1087 1086 1090
249 7 1104 1106 1105 1109
250 7 1123 1125 1124 1128
251 7 1142 1144 1143 1147
252 7 1161 1163 1162 1166
253 7 1180 1182 1181 1185
254 7 1199 1201 1200 1204
255 7 1218 1220 1219 1223
256 7 1237 1239 1238 1242
257 7 1256 1258 1257 1261
258 7 1275 1277 1276 1280
259 7 1294 1296 1295 1299
260 7 1313 1315 1314 1318
261 7 1332 1334 1333 1337
262 7 1351 1353 1352 1356
263 7 1370 1372 1371 1375
264 7 1389 1391 1390 1394
265 7 1408 1410 1409 1413
266 7 1427 1429 1428 1432
267 7 1446 1448 1447 1451
268 7 1465 1467 1466 1470
269 7 1484 1486 1485 1489
270 7 1503 1505 1504 1508
271 7 1522 1524 1523 1527
272 7 1541 1543 1542 1546
273 7 1560 1562 1561 1565
274 7 1579 1581 1580 1584
275 7 1598 1600 1599 1603
276 7 1617 1619 1618 1622
277 7 1636 1638 1637 1641
278 7 1655 1657 1656 1660
279 7 1674 1676 1675 1679
280 7 1693 1695 1694 1698
281 7 1712 1714 1713 1717
282 7 1731 1733 1732 1736
283 7 1750 1752 1751 1755
284 7 1769 1771 1770 1774
285 7 1788 1790 1789 1793
286 7 1807 1809 1808 1812
287 7 1826 1828 1827 1831
288 7 1845 1847 1846 1850
289 7 1864 1866 1865 1869
290 7 1883 1885 1884 1888
291 7 1902 1904 1903 1907
292 7 1921 1923 1922 1926
293 7 1940 1942 1941 1945
294 7 1959 1961 1960 1964
295 7 1978 1980 1979 1983
296 7 1997 1999 1998 2002
297 7 2016 2018 2017 2021
298 7 2035 2037 2036 2040
299 7 2054 2056 2055 2059
300 7 2073 2075 2074 2078
301 7 2092 2094 2093 2097
302 7 2111 2113 2112 2116
303 7 2130 2132 2131 2135
304 7 2149 2151 2150 2154
305 7 2168 2170 2169 2173
306 7 2187 2189 2188 2192
307 7 2206 2208 2207 2211
308 7 2225 2227 2226 2230
309 7 2244 2246 2245 2249
310 7 2263 2265 2264 2268
311 7 2282 2284 2283 2287
312 7 2301 2303 2302 2306
313 7 2320 2322 2321 2325
314 7 2339 2341 2340 2344
315 7 2358 2360 2359 2363
316 7 2377 2379 2378 2382
317 7 2396 2398 2397 2401
318 7 2415 2417 2416 2420
319 7 2434 2436 2435 2439
320 7 2453 2455 2454 2458
321 7 2472 2474 2473 2477
322 7 2491 2493 2492 2496
323 7 2510 2512 2511 2515
324 7 2529 2531 2530 2534
325 7 2548 2550 2549 2553
326 7 2567 2569 2568 2572
327 7 2586 2588 2587 2591
328 7 2605 2607 2606 2610
329 7 2624 2626 2625 2629
330 7 2643 2645 2644 2648
331 7 2662 2664 2663 2667
332 7 2681 2683 2682 2686
333 7 2700 2702 2701 2705
334 7 2719 2721 2720 2724
335 7 2738 2740 2739 2743
336 7 2757 2759 2758 2762
337 7 2776 2778 2777 2781
338 7 2795 2797 2796 2800
339 7 2814 2816 2815 2819
340 7 2833 2835 2834 2838
341 7 2852 2854 2853 2857
342 7 2871 2873 2872 2876
343 7 2890 2892 2891 2895
344 7 2909 2911 2910 2914
345 7 2928 2930 2929 2933
346 7 2947 2949 2948 2952
347 7 2966 2968 2967 2971
348 7 2985 2987 2986 2990
349 7 3004 3006 3005 3009
350 7 3023 3025 3024 3028
351 7 3042 3044 3043 3047
352 7 3061 3063 3062 3066
353 7 3080 3082 3081 3085
354 7 3099 3101 3100 3104
355 7 3118 3120 3119 3123
356 7 3137 3139 3138 3142
357 7 3156 3158 3157 3161
358 7 3175 3177 3176 3180
359 7 3194 3196 3195 3199
360 7 3213 3215 3214 3218
361 7 3232 3234 3233 3237
362 7 3251 3253 3252 3256
363 7 3270 3272 3271 3275
364 7 3289 3291 3290 3294
365 7 3308 3310 3309 3313
366 7 3327 3329 3328 3332
367 7 3346 3348 3347 3351
368 7 3365 3367 3366 3370
369 7 3384 3386 3385 3389
370 7 3403 3405 3404 3408
371 7 3422 3424 3423 3427
372 7 3441 3443 3442 3446
373 7 3460 3462 3461 3465
374 7 3479 3481 3480 3484
375 7 3498 3500 3499 3503
376 7 3517 3519 3518 3522
377 7 3536 3538 3537 3541
378 7 3555 3557 3556 3560
379 7 3574 3576 3575 3579
380 7 3593 3595 3594 3598
