    1 2 3
    2 2 4
    3 4 5
    4 5 6
    5 6 7
    6 7 8
    7 8 9
    8 9 10
    9 9 11
    10 11 12
    11 12 13
    12 13 14
    13 14 15
    14 15 1
    15 15 16
    16 16 17
    17 12 17
    18 8 18
    19 4 18
    20 5 19
    21 7 20
    22 11 21
    23 13 22
    24 14 23
    25 1 24
    26 16 25
    27 17 26
    28 18 27
    29 30 31
    30 31 32
    31 32 33
    32 33 34
    33 34 35
    34 35 36
    35 36 28
    36 36 37
    37 37 38
    38 33 38
    39 31 39
    40 39 40
    41 40 41
    42 41 42
    43 42 29
    44 29 43
    45 42 44
    46 44 45
    47 39 45
    48 32 46
    49 34 47
    50 35 48
    51 28 49
    52 37 50
    53 38 51
    54 40 52
    55 41 53
    56 44 54
    57 45 55
    58 57 58
    59 57 59
    60 59 60
    61 60 61
    62 61 62
    63 62 63
    64 63 64
    65 64 65
    66 64 66
    67 66 67
    68 67 68
    69 68 69
    70 69 70
    71 70 56
    72 70 71
    73 71 72
    74 67 72
    75 63 73
    76 59 73
    77 60 74
    78 62 75
    79 66 76
    80 68 77
    81 69 78
    82 56 79
    83 71 80
    84 72 81
    85 73 82
    86 84 85
    87 84 86
    88 86 87
    89 87 88
    90 88 89
    91 89 90
    92 90 91
    93 91 92
    94 91 93
    95 93 94
    96 94 95
    97 95 96
    98 96 97
    99 97 83
    100 97 98
    101 98 99
    102 94 99
    103 90 100
    104 86 100
    105 87 101
    106 89 102
    107 93 103
    108 95 104
    109 96 105
    110 83 106
    111 98 107
    112 99 108
    113 100 109
    114 112 113
    115 113 114
    116 114 115
    117 115 116
    118 116 117
    119 117 118
    120 118 110
    121 118 119
    122 119 120
    123 115 120
    124 113 121
    125 121 122
    126 122 123
    127 123 124
    128 124 111
    129 111 125
    130 124 126
    131 126 127
    132 121 127
    133 114 128
    134 116 129
    135 117 130
    136 110 131
    137 119 132
    138 120 133
    139 122 134
    140 123 135
    141 126 136
    142 127 137
    143 140 141
    144 141 142
    145 142 143
    146 143 144
    147 144 145
    148 145 146
    149 146 138
    150 146 147
    151 147 148
    152 143 148
    153 141 149
    154 149 150
    155 150 151
    156 151 152
    157 152 139
    158 139 153
    159 152 154
    160 154 155
    161 149 155
    162 142 156
    163 144 157
    164 145 158
    165 138 159
    166 147 160
    167 148 161
    168 150 162
    169 151 163
    170 154 164
    171 155 165
    172 168 169
    173 169 170
    174 170 171
    175 171 172
    176 172 173
    177 173 174
    178 174 166
    179 174 175
    180 175 176
    181 171 176
    182 169 177
    183 177 178
    184 178 179
    185 179 180
    186 180 167
    187 167 181
    188 180 182
    189 182 183
    190 177 183
    191 170 184
    192 172 185
    193 173 186
    194 166 187
    195 175 188
    196 176 189
    197 178 190
    198 179 191
    199 182 192
    200 183 193
    201 195 196
    202 195 197
    203 197 198
    204 198 199
    205 199 200
    206 200 201
    207 201 202
    208 202 203
    209 202 204
    210 204 205
    211 205 206
    212 206 207
    213 207 208
    214 208 194
    215 208 209
    216 209 210
    217 205 210
    218 201 211
    219 197 211
    220 198 212
    221 200 213
    222 204 214
    223 206 215
    224 207 216
    225 194 217
    226 209 218
    227 210 219
    228 211 220
    229 222 223
    230 222 224
    231 224 225
    232 225 226
    233 226 227
    234 227 228
    235 228 229
    236 229 230
    237 229 231
    238 231 232
    239 232 233
    240 233 234
    241 234 235
    242 235 221
    243 235 236
    244 236 237
    245 232 237
    246 228 238
    247 224 238
    248 225 239
    249 227 240
    250 231 241
    251 233 242
    252 234 243
    253 221 244
    254 236 245
    255 237 246
    256 238 247
    257 250 251
    258 251 252
    259 252 253
    260 253 254
    261 254 255
    262 255 256
    263 256 248
    264 256 257
    265 257 258
    266 253 258
    267 251 259
    268 259 260
    269 260 261
    270 261 262
    271 262 249
    272 249 263
    273 262 264
    274 264 265
    275 259 265
    276 252 266
    277 254 267
    278 255 268
    279 248 269
    280 257 270
    281 258 271
    282 260 272
    283 261 273
    284 264 274
    285 265 275
    286 277 278
    287 277 279
    288 279 280
    289 280 281
    290 281 282
    291 282 283
    292 283 284
    293 284 285
    294 284 286
    295 286 287
    296 287 288
    297 288 289
    298 289 290
    299 290 276
    300 290 291
    301 291 292
    302 287 292
    303 283 293
    304 279 293
    305 280 294
    306 282 295
    307 286 296
    308 288 297
    309 289 298
    310 276 299
    311 291 300
    312 292 301
    313 293 302
    314 304 305
    315 304 306
    316 306 307
    317 307 308
    318 308 309
    319 309 310
    320 310 311
    321 311 312
    322 311 313
    323 313 314
    324 314 315
    325 315 316
    326 316 317
    327 317 303
    328 317 318
    329 318 319
    330 314 319
    331 310 320
    332 306 320
    333 307 321
    334 309 322
    335 313 323
    336 315 324
    337 316 325
    338 303 326
    339 318 327
    340 319 328
    341 320 329
    342 331 332
    343 331 333
    344 333 334
    345 334 335
    346 335 336
    347 336 337
    348 337 338
    349 338 339
    350 338 340
    351 340 341
    352 341 342
    353 342 343
    354 343 344
    355 344 330
    356 344 345
    357 345 346
    358 341 346
    359 337 347
    360 333 347
    361 334 348
    362 336 349
    363 340 350
    364 342 351
    365 343 352
    366 330 353
    367 345 354
    368 346 355
    369 347 356
    370 358 359
    371 358 360
    372 360 361
    373 361 362
    374 362 363
    375 363 364
    376 364 365
    377 365 366
    378 365 367
    379 367 368
    380 368 369
    381 369 370
    382 370 371
    383 371 357
    384 371 372
    385 372 373
    386 368 373
    387 364 374
    388 360 374
    389 361 375
    390 363 376
    391 367 377
    392 369 378
    393 370 379
    394 357 380
    395 372 381
    396 373 382
    397 374 383
    398 386 387
    399 387 388
    400 388 389
    401 389 390
    402 390 391
    403 391 392
    404 392 384
    405 392 393
    406 393 394
    407 389 394
    408 387 395
    409 395 396
    410 396 397
    411 397 398
    412 398 385
    413 385 399
    414 398 400
    415 400 401
    416 395 401
    417 388 402
    418 390 403
    419 391 404
    420 384 405
    421 393 406
    422 394 407
    423 396 408
    424 397 409
    425 400 410
    426 401 411
    427 414 415
    428 415 416
    429 416 417
    430 417 418
    431 418 419
    432 419 420
    433 420 412
    434 420 421
    435 421 422
    436 417 422
    437 415 423
    438 423 424
    439 424 425
    440 425 426
    441 426 413
    442 413 427
    443 426 428
    444 428 429
    445 423 429
    446 416 430
    447 418 431
    448 419 432
    449 412 433
    450 421 434
    451 422 435
    452 424 436
    453 425 437
    454 428 438
    455 429 439
    456 442 443
    457 443 444
    458 444 445
    459 445 446
    460 446 447
    461 447 448
    462 448 440
    463 448 449
    464 449 450
    465 445 450
    466 443 451
    467 451 452
    468 452 453
    469 453 454
    470 454 441
    471 441 455
    472 454 456
    473 456 457
    474 451 457
    475 444 458
    476 446 459
    477 447 460
    478 440 461
    479 449 462
    480 450 463
    481 452 464
    482 453 465
    483 456 466
    484 457 467
    485 469 470
    486 469 471
    487 471 472
    488 472 473
    489 473 474
    490 474 475
    491 475 476
    492 476 477
    493 476 478
    494 478 479
    495 479 480
    496 480 481
    497 481 482
    498 482 468
    499 482 483
    500 483 484
    501 479 484
    502 475 485
    503 471 485
    504 472 486
    505 474 487
    506 478 488
    507 480 489
    508 481 490
    509 468 491
    510 483 492
    511 484 493
    512 485 494
    513 497 498
    514 498 499
    515 499 500
    516 500 501
    517 501 502
    518 502 503
    519 503 495
    520 503 504
    521 504 505
    522 500 505
    523 498 506
    524 506 507
    525 507 508
    526 508 509
    527 509 496
    528 496 510
    529 509 511
    530 511 512
    531 506 512
    532 499 513
    533 501 514
    534 502 515
    535 495 516
    536 504 517
    537 505 518
    538 507 519
    539 508 520
    540 511 521
    541 512 522
    542 525 526
    543 526 527
    544 527 528
    545 528 529
    546 529 530
    547 530 531
    548 531 523
    549 531 532
    550 532 533
    551 528 533
    552 526 534
    553 534 535
    554 535 536
    555 536 537
    556 537 524
    557 524 538
    558 537 539
    559 539 540
    560 534 540
    561 527 541
    562 529 542
    563 530 543
    564 523 544
    565 532 545
    566 533 546
    567 535 547
    568 536 548
    569 539 549
    570 540 550
    571 553 554
    572 554 555
    573 555 556
    574 556 557
    575 557 558
    576 558 559
    577 559 551
    578 559 560
    579 560 561
    580 556 561
    581 554 562
    582 562 563
    583 563 564
    584 564 565
    585 565 552
    586 552 566
    587 565 567
    588 567 568
    589 562 568
    590 555 569
    591 557 570
    592 558 571
    593 551 572
    594 560 573
    595 561 574
    596 563 575
    597 564 576
    598 567 577
    599 568 578
    600 581 582
    601 582 583
    602 583 584
    603 584 585
    604 585 586
    605 586 587
    606 587 579
    607 587 588
    608 588 589
    609 584 589
    610 582 590
    611 590 591
    612 591 592
    613 592 593
    614 593 580
    615 580 594
    616 593 595
    617 595 596
    618 590 596
    619 583 597
    620 585 598
    621 586 599
    622 579 600
    623 588 601
    624 589 602
    625 591 603
    626 592 604
    627 595 605
    628 596 606
    629 608 609
    630 608 610
    631 610 611
    632 611 612
    633 612 613
    634 613 614
    635 614 615
    636 615 616
    637 615 617
    638 617 618
    639 618 619
    640 619 620
    641 620 621
    642 621 607
    643 621 622
    644 622 623
    645 618 623
    646 614 624
    647 610 624
    648 611 625
    649 613 626
    650 617 627
    651 619 628
    652 620 629
    653 607 630
    654 622 631
    655 623 632
    656 624 633
    657 635 636
    658 635 637
    659 637 638
    660 638 639
    661 639 640
    662 640 641
    663 641 642
    664 642 643
    665 642 644
    666 644 645
    667 645 646
    668 646 647
    669 647 648
    670 648 634
    671 648 649
    672 649 650
    673 645 650
    674 641 651
    675 637 651
    676 638 652
    677 640 653
    678 644 654
    679 646 655
    680 647 656
    681 634 657
    682 649 658
    683 650 659
    684 651 660
    685 663 664
    686 664 665
    687 665 666
    688 666 667
    689 667 668
    690 668 669
    691 669 661
    692 669 670
    693 670 671
    694 666 671
    695 664 672
    696 672 673
    697 673 674
    698 674 675
    699 675 662
    700 662 676
    701 675 677
    702 677 678
    703 672 678
    704 665 679
    705 667 680
    706 668 681
    707 661 682
    708 670 683
    709 671 684
    710 673 685
    711 674 686
    712 677 687
    713 678 688
    714 691 692
    715 692 693
    716 693 694
    717 694 695
    718 695 696
    719 696 697
    720 697 689
    721 697 698
    722 698 699
    723 694 699
    724 692 700
    725 700 701
    726 701 702
    727 702 703
    728 703 690
    729 690 704
    730 703 705
    731 705 706
    732 700 706
    733 693 707
    734 695 708
    735 696 709
    736 689 710
    737 698 711
    738 699 712
    739 701 713
    740 702 714
    741 705 715
    742 706 716
    743 718 719
    744 718 720
    745 720 721
    746 721 722
    747 722 723
    748 723 724
    749 724 725
    750 725 726
    751 725 727
    752 727 728
    753 728 729
    754 729 730
    755 730 731
    756 731 717
    757 731 732
    758 732 733
    759 728 733
    760 724 734
    761 720 734
    762 721 735
    763 723 736
    764 727 737
    765 729 738
    766 730 739
    767 717 740
    768 732 741
    769 733 742
    770 734 743
    771 745 746
    772 745 747
    773 747 748
    774 748 749
    775 749 750
    776 750 751
    777 751 752
    778 752 753
    779 752 754
    780 754 755
    781 755 756
    782 756 757
    783 757 758
    784 758 744
    785 758 759
    786 759 760
    787 755 760
    788 751 761
    789 747 761
    790 748 762
    791 750 763
    792 754 764
    793 756 765
    794 757 766
    795 744 767
    796 759 768
    797 760 769
    798 761 770
    799 772 773
    800 772 774
    801 774 775
    802 775 776
    803 776 777
    804 777 778
    805 778 779
    806 779 780
    807 779 781
    808 781 782
    809 782 783
    810 783 784
    811 784 785
    812 785 771
    813 785 786
    814 786 787
    815 782 787
    816 778 788
    817 774 788
    818 775 789
    819 777 790
    820 781 791
    821 783 792
    822 784 793
    823 771 794
    824 786 795
    825 787 796
    826 788 797
    827 800 801
    828 801 802
    829 802 803
    830 803 804
    831 804 805
    832 805 806
    833 806 798
    834 806 807
    835 807 808
    836 803 808
    837 801 809
    838 809 810
    839 810 811
    840 811 812
    841 812 799
    842 799 813
    843 812 814
    844 814 815
    845 809 815
    846 802 816
    847 804 817
    848 805 818
    849 798 819
    850 807 820
    851 808 821
    852 810 822
    853 811 823
    854 814 824
    855 815 825
    856 828 829
    857 829 830
    858 830 831
    859 831 832
    860 832 833
    861 833 834
    862 834 826
    863 834 835
    864 835 836
    865 831 836
    866 829 837
    867 837 838
    868 838 839
    869 839 840
    870 840 827
    871 827 841
    872 840 842
    873 842 843
    874 837 843
    875 830 844
    876 832 845
    877 833 846
    878 826 847
    879 835 848
    880 836 849
    881 838 850
    882 839 851
    883 842 852
    884 843 853
    885 855 856
    886 855 857
    887 857 858
    888 858 859
    889 859 860
    890 860 861
    891 861 862
    892 862 863
    893 862 864
    894 864 865
    895 865 866
    896 866 867
    897 867 868
    898 868 854
    899 868 869
    900 869 870
    901 865 870
    902 861 871
    903 857 871
    904 858 872
    905 860 873
    906 864 874
    907 866 875
    908 867 876
    909 854 877
    910 869 878
    911 870 879
    912 871 880
    913 883 884
    914 884 885
    915 885 886
    916 886 887
    917 887 888
    918 888 889
    919 889 881
    920 889 890
    921 890 891
    922 886 891
    923 884 892
    924 892 893
    925 893 894
    926 894 895
    927 895 882
    928 882 896
    929 895 897
    930 897 898
    931 892 898
    932 885 899
    933 887 900
    934 888 901
    935 881 902
    936 890 903
    937 891 904
    938 893 905
    939 894 906
    940 897 907
    941 898 908
    942 910 911
    943 910 912
    944 912 913
    945 913 914
    946 914 915
    947 915 916
    948 916 917
    949 917 918
    950 917 919
    951 919 920
    952 920 921
    953 921 922
    954 922 923
    955 923 909
    956 923 924
    957 924 925
    958 920 925
    959 916 926
    960 912 926
    961 913 927
    962 915 928
    963 919 929
    964 921 930
    965 922 931
    966 909 932
    967 924 933
    968 925 934
    969 926 935
    970 938 939
    971 939 940
    972 940 941
    973 941 942
    974 942 943
    975 943 944
    976 944 936
    977 944 945
    978 945 946
    979 941 946
    980 939 947
    981 947 948
    982 948 949
    983 949 950
    984 950 937
    985 937 951
    986 950 952
    987 952 953
    988 947 953
    989 940 954
    990 942 955
    991 943 956
    992 936 957
    993 945 958
    994 946 959
    995 948 960
    996 949 961
    997 952 962
    998 953 963
    999 966 967
    1000 967 968
    1001 968 969
    1002 969 970
    1003 970 971
    1004 971 972
    1005 972 964
    1006 972 973
    1007 973 974
    1008 969 974
    1009 967 975
    1010 975 976
    1011 976 977
    1012 977 978
    1013 978 965
    1014 965 979
    1015 978 980
    1016 980 981
    1017 975 981
    1018 968 982
    1019 970 983
    1020 971 984
    1021 964 985
    1022 973 986
    1023 974 987
    1024 976 988
    1025 977 989
    1026 980 990
    1027 981 991
    1028 993 994
    1029 993 995
    1030 995 996
    1031 996 997
    1032 997 998
    1033 998 999
    1034 999 1000
    1035 1000 1001
    1036 1000 1002
    1037 1002 1003
    1038 1003 1004
    1039 1004 1005
    1040 1005 1006
    1041 1006 992
    1042 1006 1007
    1043 1007 1008
    1044 1003 1008
    1045 999 1009
    1046 995 1009
    1047 996 1010
    1048 998 1011
    1049 1002 1012
    1050 1004 1013
    1051 1005 1014
    1052 992 1015
    1053 1007 1016
    1054 1008 1017
    1055 1009 1018
    1056 1020 1021
    1057 1020 1022
    1058 1022 1023
    1059 1023 1024
    1060 1024 1025
    1061 1025 1026
    1062 1026 1027
    1063 1027 1028
    1064 1027 1029
    1065 1029 1030
    1066 1030 1031
    1067 1031 1032
    1068 1032 1033
    1069 1033 1019
    1070 1033 1034
    1071 1034 1035
    1072 1030 1035
    1073 1026 1036
    1074 1022 1036
    1075 1023 1037
    1076 1025 1038
    1077 1029 1039
    1078 1031 1040
    1079 1032 1041
    1080 1019 1042
    1081 1034 1043
    1082 1035 1044
    1083 1036 1045
    1084 1047 1048
    1085 1047 1049
    1086 1049 1050
    1087 1050 1051
    1088 1051 1052
    1089 1052 1053
    1090 1053 1054
    1091 1054 1055
    1092 1054 1056
    1093 1056 1057
    1094 1057 1058
    1095 1058 1059
    1096 1059 1060
    1097 1060 1046
    1098 1060 1061
    1099 1061 1062
    1100 1057 1062
    1101 1053 1063
    1102 1049 1063
    1103 1050 1064
    1104 1052 1065
    1105 1056 1066
    1106 1058 1067
    1107 1059 1068
    1108 1046 1069
    1109 1061 1070
    1110 1062 1071
    1111 1063 1072
    1112 1075 1076
    1113 1076 1077
    1114 1077 1078
    1115 1078 1079
    1116 1079 1080
    1117 1080 1081
    1118 1081 1073
    1119 1081 1082
    1120 1082 1083
    1121 1078 1083
    1122 1076 1084
    1123 1084 1085
    1124 1085 1086
    1125 1086 1087
    1126 1087 1074
    1127 1074 1088
    1128 1087 1089
    1129 1089 1090
    1130 1084 1090
    1131 1077 1091
    1132 1079 1092
    1133 1080 1093
    1134 1073 1094
    1135 1082 1095
    1136 1083 1096
    1137 1085 1097
    1138 1086 1098
    1139 1089 1099
    1140 1090 1100
    1141 1102 1103
    1142 1102 1104
    1143 1104 1105
    1144 1105 1106
    1145 1106 1107
    1146 1107 1108
    1147 1108 1109
    1148 1109 1110
    1149 1109 1111
    1150 1111 1112
    1151 1112 1113
    1152 1113 1114
    1153 1114 1115
    1154 1115 1101
    1155 1115 1116
    1156 1116 1117
    1157 1112 1117
    1158 1108 1118
    1159 1104 1118
    1160 1105 1119
    1161 1107 1120
    1162 1111 1121
    1163 1113 1122
    1164 1114 1123
    1165 1101 1124
    1166 1116 1125
    1167 1117 1126
    1168 1118 1127
    1169 1129 1130
    1170 1129 1131
    1171 1131 1132
    1172 1132 1133
    1173 1133 1134
    1174 1134 1135
    1175 1135 1136
    1176 1136 1137
    1177 1136 1138
    1178 1138 1139
    1179 1139 1140
    1180 1140 1141
    1181 1141 1142
    1182 1142 1128
    1183 1142 1143
    1184 1143 1144
    1185 1139 1144
    1186 1135 1145
    1187 1131 1145
    1188 1132 1146
    1189 1134 1147
    1190 1138 1148
    1191 1140 1149
    1192 1141 1150
    1193 1128 1151
    1194 1143 1152
    1195 1144 1153
    1196 1145 1154
    1197 1157 1158
    1198 1158 1159
    1199 1159 1160
    1200 1160 1161
    1201 1161 1162
    1202 1162 1163
    1203 1163 1155
    1204 1163 1164
    1205 1164 1165
    1206 1160 1165
    1207 1158 1166
    1208 1166 1167
    1209 1167 1168
    1210 1168 1169
    1211 1169 1156
    1212 1156 1170
    1213 1169 1171
    1214 1171 1172
    1215 1166 1172
    1216 1159 1173
    1217 1161 1174
    1218 1162 1175
    1219 1155 1176
    1220 1164 1177
    1221 1165 1178
    1222 1167 1179
    1223 1168 1180
    1224 1171 1181
    1225 1172 1182
    1226 1184 1185
    1227 1184 1186
    1228 1186 1187
    1229 1187 1188
    1230 1188 1189
    1231 1189 1190
    1232 1190 1191
    1233 1191 1192
    1234 1191 1193
    1235 1193 1194
    1236 1194 1195
    1237 1195 1196
    1238 1196 1197
    1239 1197 1183
    1240 1197 1198
    1241 1198 1199
    1242 1194 1199
    1243 1190 1200
    1244 1186 1200
    1245 1187 1201
    1246 1189 1202
    1247 1193 1203
    1248 1195 1204
    1249 1196 1205
    1250 1183 1206
    1251 1198 1207
    1252 1199 1208
    1253 1200 1209
    1254 1212 1213
    1255 1213 1214
    1256 1214 1215
    1257 1215 1216
    1258 1216 1217
    1259 1217 1218
    1260 1218 1210
    1261 1218 1219
    1262 1219 1220
    1263 1215 1220
    1264 1213 1221
    1265 1221 1222
    1266 1222 1223
    1267 1223 1224
    1268 1224 1211
    1269 1211 1225
    1270 1224 1226
    1271 1226 1227
    1272 1221 1227
    1273 1214 1228
    1274 1216 1229
    1275 1217 1230
    1276 1210 1231
    1277 1219 1232
    1278 1220 1233
    1279 1222 1234
    1280 1223 1235
    1281 1226 1236
    1282 1227 1237
    1283 1240 1241
    1284 1241 1242
    1285 1242 1243
    1286 1243 1244
    1287 1244 1245
    1288 1245 1246
    1289 1246 1238
    1290 1246 1247
    1291 1247 1248
    1292 1243 1248
    1293 1241 1249
    1294 1249 1250
    1295 1250 1251
    1296 1251 1252
    1297 1252 1239
    1298 1239 1253
    1299 1252 1254
    1300 1254 1255
    1301 1249 1255
    1302 1242 1256
    1303 1244 1257
    1304 1245 1258
    1305 1238 1259
    1306 1247 1260
    1307 1248 1261
    1308 1250 1262
    1309 1251 1263
    1310 1254 1264
    1311 1255 1265
    1312 1267 1268
    1313 1267 1269
    1314 1269 1270
    1315 1270 1271
    1316 1271 1272
    1317 1272 1273
    1318 1273 1274
    1319 1274 1275
    1320 1274 1276
    1321 1276 1277
    1322 1277 1278
    1323 1278 1279
    1324 1279 1280
    1325 1280 1266
    1326 1280 1281
    1327 1281 1282
    1328 1277 1282
    1329 1273 1283
    1330 1269 1283
    1331 1270 1284
    1332 1272 1285
    1333 1276 1286
    1334 1278 1287
    1335 1279 1288
    1336 1266 1289
    1337 1281 1290
    1338 1282 1291
    1339 1283 1292
    1340 1294 1295
    1341 1294 1296
    1342 1296 1297
    1343 1297 1298
    1344 1298 1299
    1345 1299 1300
    1346 1300 1301
    1347 1301 1302
    1348 1301 1303
    1349 1303 1304
    1350 1304 1305
    1351 1305 1306
    1352 1306 1307
    1353 1307 1293
    1354 1307 1308
    1355 1308 1309
    1356 1304 1309
    1357 1300 1310
    1358 1296 1310
    1359 1297 1311
    1360 1299 1312
    1361 1303 1313
    1362 1305 1314
    1363 1306 1315
    1364 1293 1316
    1365 1308 1317
    1366 1309 1318
    1367 1310 1319
    1368 1322 1323
    1369 1323 1324
    1370 1324 1325
    1371 1325 1326
    1372 1326 1327
    1373 1327 1328
    1374 1328 1320
    1375 1328 1329
    1376 1329 1330
    1377 1325 1330
    1378 1323 1331
    1379 1331 1332
    1380 1332 1333
    1381 1333 1334
    1382 1334 1321
    1383 1321 1335
    1384 1334 1336
    1385 1336 1337
    1386 1331 1337
    1387 1324 1338
    1388 1326 1339
    1389 1327 1340
    1390 1320 1341
    1391 1329 1342
    1392 1330 1343
    1393 1332 1344
    1394 1333 1345
    1395 1336 1346
    1396 1337 1347
    1397 1350 1351
    1398 1351 1352
    1399 1352 1353
    1400 1353 1354
    1401 1354 1355
    1402 1355 1356
    1403 1356 1348
    1404 1356 1357
    1405 1357 1358
    1406 1353 1358
    1407 1351 1359
    1408 1359 1360
    1409 1360 1361
    1410 1361 1362
    1411 1362 1349
    1412 1349 1363
    1413 1362 1364
    1414 1364 1365
    1415 1359 1365
    1416 1352 1366
    1417 1354 1367
    1418 1355 1368
    1419 1348 1369
    1420 1357 1370
    1421 1358 1371
    1422 1360 1372
    1423 1361 1373
    1424 1364 1374
    1425 1365 1375
    1426  2 28
    1427  29 56
    1428  57 83
    1429  84 110
    1430  111 138
    1431  139 166
    1432  167 194
    1433  195 221
    1434  222 248
    1435  249 1
    1436  277 303
    1437  304 330
    1438  331 357
    1439  358 384
    1440  385 412
    1441  413 440
    1442  441 468
    1443  469 495
    1444  496 523
    1445  524 276
    1446  552 579
    1447  580 607
    1448  608 634
    1449  635 661
    1450  662 689
    1451  690 717
    1452  718 744
    1453  745 771
    1454  772 798
    1455  799 551
    1456  827 854
    1457  855 881
    1458  882 909
    1459  910 936
    1460  937 964
    1461  965 992
    1462  993 1019
    1463  1020 1046
    1464  1047 1073
    1465  1074 826
    1466  1102 1128
    1467  1129 1155
    1468  1156 1183
    1469  1184 1210
    1470  1211 1238
    1471  1239 1266
    1472  1267 1293
    1473  1294 1320
    1474  1321 1348
    1475  1349 1101
