1 368 2 3
2 208 2 4
3 157 4 5
4 179 5 6
5 179 6 7
6 157 7 8
7 208 8 9
8 368 9 10
9 362 9 11
10 176 11 12
11 157 12 13
12 157 13 14
13 157 14 15
14 176 1 15
15 157 15 16
16 157 16 17
17 157 12 17
18 157 8 18
19 157 4 18
20 170 5 19
21 170 7 20
22 452 11 21
23 172 13 22
24 172 14 23
25 452 1 24
26 172 16 25
27 172 17 26
28 172 18 27
29 368 30 31
30 362 31 32
31 176 32 33
32 157 33 34
33 157 34 35
34 157 35 36
35 176 28 36
36 157 36 37
37 157 37 38
38 157 33 38
39 208 31 39
40 157 39 40
41 157 40 41
42 157 41 42
43 208 29 42
44 368 29 43
45 157 42 44
46 157 44 45
47 157 39 45
48 452 32 46
49 172 34 47
50 172 35 48
51 452 28 49
52 172 37 50
53 172 38 51
54 172 40 52
55 172 41 53
56 172 44 54
57 172 45 55
58 368 57 58
59 208 57 59
60 157 59 60
61 179 60 61
62 179 61 62
63 157 62 63
64 208 63 64
65 368 64 65
66 362 64 66
67 176 66 67
68 157 67 68
69 157 68 69
70 157 69 70
71 176 56 70
72 157 70 71
73 157 71 72
74 157 67 72
75 157 63 73
76 157 59 73
77 170 60 74
78 170 62 75
79 452 66 76
80 172 68 77
81 172 69 78
82 452 56 79
83 172 71 80
84 172 72 81
85 172 73 82
86 368 84 85
87 208 84 86
88 157 86 87
89 179 87 88
90 179 88 89
91 157 89 90
92 208 90 91
93 368 91 92
94 362 91 93
95 176 93 94
96 157 94 95
97 157 95 96
98 157 96 97
99 176 83 97
100 157 97 98
101 157 98 99
102 157 94 99
103 157 90 100
104 157 86 100
105 170 87 101
106 170 89 102
107 452 93 103
108 172 95 104
109 172 96 105
110 452 83 106
111 172 98 107
112 172 99 108
113 172 100 109
114 368 112 113
115 362 113 114
116 176 114 115
117 157 115 116
118 157 116 117
119 157 117 118
120 176 110 118
121 157 118 119
122 157 119 120
123 157 115 120
124 208 113 121
125 157 121 122
126 157 122 123
127 157 123 124
128 208 111 124
129 368 111 125
130 157 124 126
131 157 126 127
132 157 121 127
133 452 114 128
134 172 116 129
135 172 117 130
136 452 110 131
137 172 119 132
138 172 120 133
139 172 122 134
140 172 123 135
141 172 126 136
142 172 127 137
143 368 140 141
144 362 141 142
145 176 142 143
146 157 143 144
147 157 144 145
148 157 145 146
149 176 138 146
150 157 146 147
151 157 147 148
152 157 143 148
153 208 141 149
154 157 149 150
155 157 150 151
156 157 151 152
157 208 139 152
158 368 139 153
159 157 152 154
160 157 154 155
161 157 149 155
162 452 142 156
163 172 144 157
164 172 145 158
165 452 138 159
166 172 147 160
167 172 148 161
168 172 150 162
169 172 151 163
170 172 154 164
171 172 155 165
172 368 168 169
173 362 169 170
174 176 170 171
175 157 171 172
176 157 172 173
177 157 173 174
178 176 166 174
179 157 174 175
180 157 175 176
181 157 171 176
182 208 169 177
183 157 177 178
184 157 178 179
185 157 179 180
186 208 167 180
187 368 167 181
188 157 180 182
189 157 182 183
190 157 177 183
191 452 170 184
192 172 172 185
193 172 173 186
194 452 166 187
195 172 175 188
196 172 176 189
197 172 178 190
198 172 179 191
199 172 182 192
200 172 183 193
201 368 195 196
202 208 195 197
203 157 197 198
204 179 198 199
205 179 199 200
206 157 200 201
207 208 201 202
208 368 202 203
209 362 202 204
210 176 204 205
211 157 205 206
212 157 206 207
213 157 207 208
214 176 194 208
215 157 208 209
216 157 209 210
217 157 205 210
218 157 201 211
219 157 197 211
220 170 198 212
221 170 200 213
222 452 204 214
223 172 206 215
224 172 207 216
225 452 194 217
226 172 209 218
227 172 210 219
228 172 211 220
229 368 222 223
230 208 222 224
231 157 224 225
232 179 225 226
233 179 226 227
234 157 227 228
235 208 228 229
236 368 229 230
237 362 229 231
238 176 231 232
239 157 232 233
240 157 233 234
241 157 234 235
242 176 221 235
243 157 235 236
244 157 236 237
245 157 232 237
246 157 228 238
247 157 224 238
248 170 225 239
249 170 227 240
250 452 231 241
251 172 233 242
252 172 234 243
253 452 221 244
254 172 236 245
255 172 237 246
256 172 238 247
257 368 250 251
258 362 251 252
259 176 252 253
260 157 253 254
261 157 254 255
262 157 255 256
263 176 248 256
264 157 256 257
265 157 257 258
266 157 253 258
267 208 251 259
268 157 259 260
269 157 260 261
270 157 261 262
271 208 249 262
272 368 249 263
273 157 262 264
274 157 264 265
275 157 259 265
276 452 252 266
277 172 254 267
278 172 255 268
279 452 248 269
280 172 257 270
281 172 258 271
282 172 260 272
283 172 261 273
284 172 264 274
285 172 265 275
286 368 277 278
287 208 277 279
288 157 279 280
289 179 280 281
290 179 281 282
291 157 282 283
292 208 283 284
293 368 284 285
294 362 284 286
295 176 286 287
296 157 287 288
297 157 288 289
298 157 289 290
299 176 276 290
300 157 290 291
301 157 291 292
302 157 287 292
303 157 283 293
304 157 279 293
305 170 280 294
306 170 282 295
307 452 286 296
308 172 288 297
309 172 289 298
310 452 276 299
311 172 291 300
312 172 292 301
313 172 293 302
314 368 304 305
315 208 304 306
316 157 306 307
317 179 307 308
318 179 308 309
319 157 309 310
320 208 310 311
321 368 311 312
322 362 311 313
323 176 313 314
324 157 314 315
325 157 315 316
326 157 316 317
327 176 303 317
328 157 317 318
329 157 318 319
330 157 314 319
331 157 310 320
332 157 306 320
333 170 307 321
334 170 309 322
335 452 313 323
336 172 315 324
337 172 316 325
338 452 303 326
339 172 318 327
340 172 319 328
341 172 320 329
342 368 331 332
343 208 331 333
344 157 333 334
345 179 334 335
346 179 335 336
347 157 336 337
348 208 337 338
349 368 338 339
350 362 338 340
351 176 340 341
352 157 341 342
353 157 342 343
354 157 343 344
355 176 330 344
356 157 344 345
357 157 345 346
358 157 341 346
359 157 337 347
360 157 333 347
361 170 334 348
362 170 336 349
363 452 340 350
364 172 342 351
365 172 343 352
366 452 330 353
367 172 345 354
368 172 346 355
369 172 347 356
370 368 358 359
371 208 358 360
372 157 360 361
373 179 361 362
374 179 362 363
375 157 363 364
376 208 364 365
377 368 365 366
378 362 365 367
379 176 367 368
380 157 368 369
381 157 369 370
382 157 370 371
383 176 357 371
384 157 371 372
385 157 372 373
386 157 368 373
387 157 364 374
388 157 360 374
389 170 361 375
390 170 363 376
391 452 367 377
392 172 369 378
393 172 370 379
394 452 357 380
395 172 372 381
396 172 373 382
397 172 374 383
398 368 386 387
399 362 387 388
400 176 388 389
401 157 389 390
402 157 390 391
403 157 391 392
404 176 384 392
405 157 392 393
406 157 393 394
407 157 389 394
408 208 387 395
409 157 395 396
410 157 396 397
411 157 397 398
412 208 385 398
413 368 385 399
414 157 398 400
415 157 400 401
416 157 395 401
417 452 388 402
418 172 390 403
419 172 391 404
420 452 384 405
421 172 393 406
422 172 394 407
423 172 396 408
424 172 397 409
425 172 400 410
426 172 401 411
427 368 414 415
428 362 415 416
429 176 416 417
430 157 417 418
431 157 418 419
432 157 419 420
433 176 412 420
434 157 420 421
435 157 421 422
436 157 417 422
437 208 415 423
438 157 423 424
439 157 424 425
440 157 425 426
441 208 413 426
442 368 413 427
443 157 426 428
444 157 428 429
445 157 423 429
446 452 416 430
447 172 418 431
448 172 419 432
449 452 412 433
450 172 421 434
451 172 422 435
452 172 424 436
453 172 425 437
454 172 428 438
455 172 429 439
456 368 442 443
457 362 443 444
458 176 444 445
459 157 445 446
460 157 446 447
461 157 447 448
462 176 440 448
463 157 448 449
464 157 449 450
465 157 445 450
466 208 443 451
467 157 451 452
468 157 452 453
469 157 453 454
470 208 441 454
471 368 441 455
472 157 454 456
473 157 456 457
474 157 451 457
475 452 444 458
476 172 446 459
477 172 447 460
478 452 440 461
479 172 449 462
480 172 450 463
481 172 452 464
482 172 453 465
483 172 456 466
484 172 457 467
485 368 469 470
486 208 469 471
487 157 471 472
488 179 472 473
489 179 473 474
490 157 474 475
491 208 475 476
492 368 476 477
493 362 476 478
494 176 478 479
495 157 479 480
496 157 480 481
497 157 481 482
498 176 468 482
499 157 482 483
500 157 483 484
501 157 479 484
502 157 475 485
503 157 471 485
504 170 472 486
505 170 474 487
506 452 478 488
507 172 480 489
508 172 481 490
509 452 468 491
510 172 483 492
511 172 484 493
512 172 485 494
513 368 497 498
514 362 498 499
515 176 499 500
516 157 500 501
517 157 501 502
518 157 502 503
519 176 495 503
520 157 503 504
521 157 504 505
522 157 500 505
523 208 498 506
524 157 506 507
525 157 507 508
526 157 508 509
527 208 496 509
528 368 496 510
529 157 509 511
530 157 511 512
531 157 506 512
532 452 499 513
533 172 501 514
534 172 502 515
535 452 495 516
536 172 504 517
537 172 505 518
538 172 507 519
539 172 508 520
540 172 511 521
541 172 512 522
542 368 525 526
543 362 526 527
544 176 527 528
545 157 528 529
546 157 529 530
547 157 530 531
548 176 523 531
549 157 531 532
550 157 532 533
551 157 528 533
552 208 526 534
553 157 534 535
554 157 535 536
555 157 536 537
556 208 524 537
557 368 524 538
558 157 537 539
559 157 539 540
560 157 534 540
561 452 527 541
562 172 529 542
563 172 530 543
564 452 523 544
565 172 532 545
566 172 533 546
567 172 535 547
568 172 536 548
569 172 539 549
570 172 540 550
571 368 553 554
572 362 554 555
573 176 555 556
574 157 556 557
575 157 557 558
576 157 558 559
577 176 551 559
578 157 559 560
579 157 560 561
580 157 556 561
581 208 554 562
582 157 562 563
583 157 563 564
584 157 564 565
585 208 552 565
586 368 552 566
587 157 565 567
588 157 567 568
589 157 562 568
590 452 555 569
591 172 557 570
592 172 558 571
593 452 551 572
594 172 560 573
595 172 561 574
596 172 563 575
597 172 564 576
598 172 567 577
599 172 568 578
600 368 581 582
601 362 582 583
602 176 583 584
603 157 584 585
604 157 585 586
605 157 586 587
606 176 579 587
607 157 587 588
608 157 588 589
609 157 584 589
610 208 582 590
611 157 590 591
612 157 591 592
613 157 592 593
614 208 580 593
615 368 580 594
616 157 593 595
617 157 595 596
618 157 590 596
619 452 583 597
620 172 585 598
621 172 586 599
622 452 579 600
623 172 588 601
624 172 589 602
625 172 591 603
626 172 592 604
627 172 595 605
628 172 596 606
629 368 608 609
630 208 608 610
631 157 610 611
632 179 611 612
633 179 612 613
634 157 613 614
635 208 614 615
636 368 615 616
637 362 615 617
638 176 617 618
639 157 618 619
640 157 619 620
641 157 620 621
642 176 607 621
643 157 621 622
644 157 622 623
645 157 618 623
646 157 614 624
647 157 610 624
648 170 611 625
649 170 613 626
650 452 617 627
651 172 619 628
652 172 620 629
653 452 607 630
654 172 622 631
655 172 623 632
656 172 624 633
657 368 635 636
658 208 635 637
659 157 637 638
660 179 638 639
661 179 639 640
662 157 640 641
663 208 641 642
664 368 642 643
665 362 642 644
666 176 644 645
667 157 645 646
668 157 646 647
669 157 647 648
670 176 634 648
671 157 648 649
672 157 649 650
673 157 645 650
674 157 641 651
675 157 637 651
676 170 638 652
677 170 640 653
678 452 644 654
679 172 646 655
680 172 647 656
681 452 634 657
682 172 649 658
683 172 650 659
684 172 651 660
685 368 663 664
686 362 664 665
687 176 665 666
688 157 666 667
689 157 667 668
690 157 668 669
691 176 661 669
692 157 669 670
693 157 670 671
694 157 666 671
695 208 664 672
696 157 672 673
697 157 673 674
698 157 674 675
699 208 662 675
700 368 662 676
701 157 675 677
702 157 677 678
703 157 672 678
704 452 665 679
705 172 667 680
706 172 668 681
707 452 661 682
708 172 670 683
709 172 671 684
710 172 673 685
711 172 674 686
712 172 677 687
713 172 678 688
714 368 691 692
715 362 692 693
716 176 693 694
717 157 694 695
718 157 695 696
719 157 696 697
720 176 689 697
721 157 697 698
722 157 698 699
723 157 694 699
724 208 692 700
725 157 700 701
726 157 701 702
727 157 702 703
728 208 690 703
729 368 690 704
730 157 703 705
731 157 705 706
732 157 700 706
733 452 693 707
734 172 695 708
735 172 696 709
736 452 689 710
737 172 698 711
738 172 699 712
739 172 701 713
740 172 702 714
741 172 705 715
742 172 706 716
743 368 718 719
744 208 718 720
745 157 720 721
746 179 721 722
747 179 722 723
748 157 723 724
749 208 724 725
750 368 725 726
751 362 725 727
752 176 727 728
753 157 728 729
754 157 729 730
755 157 730 731
756 176 717 731
757 157 731 732
758 157 732 733
759 157 728 733
760 157 724 734
761 157 720 734
762 170 721 735
763 170 723 736
764 452 727 737
765 172 729 738
766 172 730 739
767 452 717 740
768 172 732 741
769 172 733 742
770 172 734 743
771 368 745 746
772 208 745 747
773 157 747 748
774 179 748 749
775 179 749 750
776 157 750 751
777 208 751 752
778 368 752 753
779 362 752 754
780 176 754 755
781 157 755 756
782 157 756 757
783 157 757 758
784 176 744 758
785 157 758 759
786 157 759 760
787 157 755 760
788 157 751 761
789 157 747 761
790 170 748 762
791 170 750 763
792 452 754 764
793 172 756 765
794 172 757 766
795 452 744 767
796 172 759 768
797 172 760 769
798 172 761 770
799 368 772 773
800 208 772 774
801 157 774 775
802 179 775 776
803 179 776 777
804 157 777 778
805 208 778 779
806 368 779 780
807 362 779 781
808 176 781 782
809 157 782 783
810 157 783 784
811 157 784 785
812 176 771 785
813 157 785 786
814 157 786 787
815 157 782 787
816 157 778 788
817 157 774 788
818 170 775 789
819 170 777 790
820 452 781 791
821 172 783 792
822 172 784 793
823 452 771 794
824 172 786 795
825 172 787 796
826 172 788 797
827 368 800 801
828 362 801 802
829 176 802 803
830 157 803 804
831 157 804 805
832 157 805 806
833 176 798 806
834 157 806 807
835 157 807 808
836 157 803 808
837 208 801 809
838 157 809 810
839 157 810 811
840 157 811 812
841 208 799 812
842 368 799 813
843 157 812 814
844 157 814 815
845 157 809 815
846 452 802 816
847 172 804 817
848 172 805 818
849 452 798 819
850 172 807 820
851 172 808 821
852 172 810 822
853 172 811 823
854 172 814 824
855 172 815 825
856 368 828 829
857 362 829 830
858 176 830 831
859 157 831 832
860 157 832 833
861 157 833 834
862 176 826 834
863 157 834 835
864 157 835 836
865 157 831 836
866 208 829 837
867 157 837 838
868 157 838 839
869 157 839 840
870 208 827 840
871 368 827 841
872 157 840 842
873 157 842 843
874 157 837 843
875 452 830 844
876 172 832 845
877 172 833 846
878 452 826 847
879 172 835 848
880 172 836 849
881 172 838 850
882 172 839 851
883 172 842 852
884 172 843 853
885 368 855 856
886 208 855 857
887 157 857 858
888 179 858 859
889 179 859 860
890 157 860 861
891 208 861 862
892 368 862 863
893 362 862 864
894 176 864 865
895 157 865 866
896 157 866 867
897 157 867 868
898 176 854 868
899 157 868 869
900 157 869 870
901 157 865 870
902 157 861 871
903 157 857 871
904 170 858 872
905 170 860 873
906 452 864 874
907 172 866 875
908 172 867 876
909 452 854 877
910 172 869 878
911 172 870 879
912 172 871 880
913 368 883 884
914 362 884 885
915 176 885 886
916 157 886 887
917 157 887 888
918 157 888 889
919 176 881 889
920 157 889 890
921 157 890 891
922 157 886 891
923 208 884 892
924 157 892 893
925 157 893 894
926 157 894 895
927 208 882 895
928 368 882 896
929 157 895 897
930 157 897 898
931 157 892 898
932 452 885 899
933 172 887 900
934 172 888 901
935 452 881 902
936 172 890 903
937 172 891 904
938 172 893 905
939 172 894 906
940 172 897 907
941 172 898 908
942 368 910 911
943 208 910 912
944 157 912 913
945 179 913 914
946 179 914 915
947 157 915 916
948 208 916 917
949 368 917 918
950 362 917 919
951 176 919 920
952 157 920 921
953 157 921 922
954 157 922 923
955 176 909 923
956 157 923 924
957 157 924 925
958 157 920 925
959 157 916 926
960 157 912 926
961 170 913 927
962 170 915 928
963 452 919 929
964 172 921 930
965 172 922 931
966 452 909 932
967 172 924 933
968 172 925 934
969 172 926 935
970 368 938 939
971 362 939 940
972 176 940 941
973 157 941 942
974 157 942 943
975 157 943 944
976 176 936 944
977 157 944 945
978 157 945 946
979 157 941 946
980 208 939 947
981 157 947 948
982 157 948 949
983 157 949 950
984 208 937 950
985 368 937 951
986 157 950 952
987 157 952 953
988 157 947 953
989 452 940 954
990 172 942 955
991 172 943 956
992 452 936 957
993 172 945 958
994 172 946 959
995 172 948 960
996 172 949 961
997 172 952 962
998 172 953 963
999 368 966 967
1000 362 967 968
1001 176 968 969
1002 157 969 970
1003 157 970 971
1004 157 971 972
1005 176 964 972
1006 157 972 973
1007 157 973 974
1008 157 969 974
1009 208 967 975
1010 157 975 976
1011 157 976 977
1012 157 977 978
1013 208 965 978
1014 368 965 979
1015 157 978 980
1016 157 980 981
1017 157 975 981
1018 452 968 982
1019 172 970 983
1020 172 971 984
1021 452 964 985
1022 172 973 986
1023 172 974 987
1024 172 976 988
1025 172 977 989
1026 172 980 990
1027 172 981 991
1028 368 993 994
1029 208 993 995
1030 157 995 996
1031 179 996 997
1032 179 997 998
1033 157 998 999
1034 208 999 1000
1035 368 1000 1001
1036 362 1000 1002
1037 176 1002 1003
1038 157 1003 1004
1039 157 1004 1005
1040 157 1005 1006
1041 176 992 1006
1042 157 1006 1007
1043 157 1007 1008
1044 157 1003 1008
1045 157 999 1009
1046 157 995 1009
1047 170 996 1010
1048 170 998 1011
1049 452 1002 1012
1050 172 1004 1013
1051 172 1005 1014
1052 452 992 1015
1053 172 1007 1016
1054 172 1008 1017
1055 172 1009 1018
1056 368 1020 1021
1057 208 1020 1022
1058 157 1022 1023
1059 179 1023 1024
1060 179 1024 1025
1061 157 1025 1026
1062 208 1026 1027
1063 368 1027 1028
1064 362 1027 1029
1065 176 1029 1030
1066 157 1030 1031
1067 157 1031 1032
1068 157 1032 1033
1069 176 1019 1033
1070 157 1033 1034
1071 157 1034 1035
1072 157 1030 1035
1073 157 1026 1036
1074 157 1022 1036
1075 170 1023 1037
1076 170 1025 1038
1077 452 1029 1039
1078 172 1031 1040
1079 172 1032 1041
1080 452 1019 1042
1081 172 1034 1043
1082 172 1035 1044
1083 172 1036 1045
1084 368 1047 1048
1085 208 1047 1049
1086 157 1049 1050
1087 179 1050 1051
1088 179 1051 1052
1089 157 1052 1053
1090 208 1053 1054
1091 368 1054 1055
1092 362 1054 1056
1093 176 1056 1057
1094 157 1057 1058
1095 157 1058 1059
1096 157 1059 1060
1097 176 1046 1060
1098 157 1060 1061
1099 157 1061 1062
1100 157 1057 1062
1101 157 1053 1063
1102 157 1049 1063
1103 170 1050 1064
1104 170 1052 1065
1105 452 1056 1066
1106 172 1058 1067
1107 172 1059 1068
1108 452 1046 1069
1109 172 1061 1070
1110 172 1062 1071
1111 172 1063 1072
1112 368 1075 1076
1113 362 1076 1077
1114 176 1077 1078
1115 157 1078 1079
1116 157 1079 1080
1117 157 1080 1081
1118 176 1073 1081
1119 157 1081 1082
1120 157 1082 1083
1121 157 1078 1083
1122 208 1076 1084
1123 157 1084 1085
1124 157 1085 1086
1125 157 1086 1087
1126 208 1074 1087
1127 368 1074 1088
1128 157 1087 1089
1129 157 1089 1090
1130 157 1084 1090
1131 452 1077 1091
1132 172 1079 1092
1133 172 1080 1093
1134 452 1073 1094
1135 172 1082 1095
1136 172 1083 1096
1137 172 1085 1097
1138 172 1086 1098
1139 172 1089 1099
1140 172 1090 1100
1141 368 1102 1103
1142 208 1102 1104
1143 157 1104 1105
1144 179 1105 1106
1145 179 1106 1107
1146 157 1107 1108
1147 208 1108 1109
1148 368 1109 1110
1149 362 1109 1111
1150 176 1111 1112
1151 157 1112 1113
1152 157 1113 1114
1153 157 1114 1115
1154 176 1101 1115
1155 157 1115 1116
1156 157 1116 1117
1157 157 1112 1117
1158 157 1108 1118
1159 157 1104 1118
1160 170 1105 1119
1161 170 1107 1120
1162 452 1111 1121
1163 172 1113 1122
1164 172 1114 1123
1165 452 1101 1124
1166 172 1116 1125
1167 172 1117 1126
1168 172 1118 1127
1169 368 1129 1130
1170 208 1129 1131
1171 157 1131 1132
1172 179 1132 1133
1173 179 1133 1134
1174 157 1134 1135
1175 208 1135 1136
1176 368 1136 1137
1177 362 1136 1138
1178 176 1138 1139
1179 157 1139 1140
1180 157 1140 1141
1181 157 1141 1142
1182 176 1128 1142
1183 157 1142 1143
1184 157 1143 1144
1185 157 1139 1144
1186 157 1135 1145
1187 157 1131 1145
1188 170 1132 1146
1189 170 1134 1147
1190 452 1138 1148
1191 172 1140 1149
1192 172 1141 1150
1193 452 1128 1151
1194 172 1143 1152
1195 172 1144 1153
1196 172 1145 1154
1197 368 1157 1158
1198 362 1158 1159
1199 176 1159 1160
1200 157 1160 1161
1201 157 1161 1162
1202 157 1162 1163
1203 176 1155 1163
1204 157 1163 1164
1205 157 1164 1165
1206 157 1160 1165
1207 208 1158 1166
1208 157 1166 1167
1209 157 1167 1168
1210 157 1168 1169
1211 208 1156 1169
1212 368 1156 1170
1213 157 1169 1171
1214 157 1171 1172
1215 157 1166 1172
1216 452 1159 1173
1217 172 1161 1174
1218 172 1162 1175
1219 452 1155 1176
1220 172 1164 1177
1221 172 1165 1178
1222 172 1167 1179
1223 172 1168 1180
1224 172 1171 1181
1225 172 1172 1182
1226 368 1184 1185
1227 208 1184 1186
1228 157 1186 1187
1229 179 1187 1188
1230 179 1188 1189
1231 157 1189 1190
1232 208 1190 1191
1233 368 1191 1192
1234 362 1191 1193
1235 176 1193 1194
1236 157 1194 1195
1237 157 1195 1196
1238 157 1196 1197
1239 176 1183 1197
1240 157 1197 1198
1241 157 1198 1199
1242 157 1194 1199
1243 157 1190 1200
1244 157 1186 1200
1245 170 1187 1201
1246 170 1189 1202
1247 452 1193 1203
1248 172 1195 1204
1249 172 1196 1205
1250 452 1183 1206
1251 172 1198 1207
1252 172 1199 1208
1253 172 1200 1209
1254 368 1212 1213
1255 362 1213 1214
1256 176 1214 1215
1257 157 1215 1216
1258 157 1216 1217
1259 157 1217 1218
1260 176 1210 1218
1261 157 1218 1219
1262 157 1219 1220
1263 157 1215 1220
1264 208 1213 1221
1265 157 1221 1222
1266 157 1222 1223
1267 157 1223 1224
1268 208 1211 1224
1269 368 1211 1225
1270 157 1224 1226
1271 157 1226 1227
1272 157 1221 1227
1273 452 1214 1228
1274 172 1216 1229
1275 172 1217 1230
1276 452 1210 1231
1277 172 1219 1232
1278 172 1220 1233
1279 172 1222 1234
1280 172 1223 1235
1281 172 1226 1236
1282 172 1227 1237
1283 368 1240 1241
1284 362 1241 1242
1285 176 1242 1243
1286 157 1243 1244
1287 157 1244 1245
1288 157 1245 1246
1289 176 1238 1246
1290 157 1246 1247
1291 157 1247 1248
1292 157 1243 1248
1293 208 1241 1249
1294 157 1249 1250
1295 157 1250 1251
1296 157 1251 1252
1297 208 1239 1252
1298 368 1239 1253
1299 157 1252 1254
1300 157 1254 1255
1301 157 1249 1255
1302 452 1242 1256
1303 172 1244 1257
1304 172 1245 1258
1305 452 1238 1259
1306 172 1247 1260
1307 172 1248 1261
1308 172 1250 1262
1309 172 1251 1263
1310 172 1254 1264
1311 172 1255 1265
1312 368 1267 1268
1313 208 1267 1269
1314 157 1269 1270
1315 179 1270 1271
1316 179 1271 1272
1317 157 1272 1273
1318 208 1273 1274
1319 368 1274 1275
1320 362 1274 1276
1321 176 1276 1277
1322 157 1277 1278
1323 157 1278 1279
1324 157 1279 1280
1325 176 1266 1280
1326 157 1280 1281
1327 157 1281 1282
1328 157 1277 1282
1329 157 1273 1283
1330 157 1269 1283
1331 170 1270 1284
1332 170 1272 1285
1333 452 1276 1286
1334 172 1278 1287
1335 172 1279 1288
1336 452 1266 1289
1337 172 1281 1290
1338 172 1282 1291
1339 172 1283 1292
1340 368 1294 1295
1341 208 1294 1296
1342 157 1296 1297
1343 179 1297 1298
1344 179 1298 1299
1345 157 1299 1300
1346 208 1300 1301
1347 368 1301 1302
1348 362 1301 1303
1349 176 1303 1304
1350 157 1304 1305
1351 157 1305 1306
1352 157 1306 1307
1353 176 1293 1307
1354 157 1307 1308
1355 157 1308 1309
1356 157 1304 1309
1357 157 1300 1310
1358 157 1296 1310
1359 170 1297 1311
1360 170 1299 1312
1361 452 1303 1313
1362 172 1305 1314
1363 172 1306 1315
1364 452 1293 1316
1365 172 1308 1317
1366 172 1309 1318
1367 172 1310 1319
1368 368 1322 1323
1369 362 1323 1324
1370 176 1324 1325
1371 157 1325 1326
1372 157 1326 1327
1373 157 1327 1328
1374 176 1320 1328
1375 157 1328 1329
1376 157 1329 1330
1377 157 1325 1330
1378 208 1323 1331
1379 157 1331 1332
1380 157 1332 1333
1381 157 1333 1334
1382 208 1321 1334
1383 368 1321 1335
1384 157 1334 1336
1385 157 1336 1337
1386 157 1331 1337
1387 452 1324 1338
1388 172 1326 1339
1389 172 1327 1340
1390 452 1320 1341
1391 172 1329 1342
1392 172 1330 1343
1393 172 1332 1344
1394 172 1333 1345
1395 172 1336 1346
1396 172 1337 1347
1397 368 1350 1351
1398 362 1351 1352
1399 176 1352 1353
1400 157 1353 1354
1401 157 1354 1355
1402 157 1355 1356
1403 176 1348 1356
1404 157 1356 1357
1405 157 1357 1358
1406 157 1353 1358
1407 208 1351 1359
1408 157 1359 1360
1409 157 1360 1361
1410 157 1361 1362
1411 208 1349 1362
1412 368 1349 1363
1413 157 1362 1364
1414 157 1364 1365
1415 157 1359 1365
1416 452 1352 1366
1417 172 1354 1367
1418 172 1355 1368
1419 452 1348 1369
1420 172 1357 1370
1421 172 1358 1371
1422 172 1360 1372
1423 172 1361 1373
1424 172 1364 1374
1425 172 1365 1375
1426 362 2 28
1427 362 29 56
1428 362 57 83
1429 362 84 110
1430 362 111 138
1431 362 139 166
1432 362 167 194
1433 362 195 221
1434 362 222 248
1435 362 1 249
1436 362 277 303
1437 362 304 330
1438 362 331 357
1439 362 358 384
1440 362 385 412
1441 362 413 440
1442 362 441 468
1443 362 469 495
1444 362 496 523
1445 362 276 524
1446 362 552 579
1447 362 580 607
1448 362 608 634
1449 362 635 661
1450 362 662 689
1451 362 690 717
1452 362 718 744
1453 362 745 771
1454 362 772 798
1455 362 551 799
1456 362 827 854
1457 362 855 881
1458 362 882 909
1459 362 910 936
1460 362 937 964
1461 362 965 992
1462 362 993 1019
1463 362 1020 1046
1464 362 1047 1073
1465 362 826 1074
1466 362 1102 1128
1467 362 1129 1155
1468 362 1156 1183
1469 362 1184 1210
1470 362 1211 1238
1471 362 1239 1266
1472 362 1267 1293
1473 362 1294 1320
1474 362 1321 1348
1475 362 1101 1349
