1 13 1 249 262 261
2 13 1 249 262 264
3 13 7 8 9 11
4 13 11 9 8 18
5 13 5 4 2 28
6 13 18 4 2 28
7 13 32 31 39 40
8 13 32 31 39 45
9 13 41 42 29 56
10 13 44 42 29 56
11 13 62 63 64 66
12 13 66 64 63 73
13 13 60 59 57 83
14 13 73 59 57 83
15 13 89 90 91 93
16 13 93 91 90 100
17 13 87 86 84 110
18 13 100 86 84 110
19 13 114 113 121 122
20 13 114 113 121 127
21 13 123 124 111 138
22 13 126 124 111 138
23 13 142 141 149 150
24 13 142 141 149 155
25 13 151 152 139 166
26 13 154 152 139 166
27 13 170 169 177 178
28 13 170 169 177 183
29 13 179 180 167 194
30 13 182 180 167 194
31 13 200 201 202 204
32 13 204 202 201 211
33 13 198 197 195 221
34 13 211 197 195 221
35 13 227 228 229 231
36 13 231 229 228 238
37 13 225 224 222 248
38 13 238 224 222 248
39 13 252 251 259 260
40 13 252 251 259 265
41 13 276 524 537 536
42 13 276 524 537 539
43 13 282 283 284 286
44 13 286 284 283 293
45 13 280 279 277 303
46 13 293 279 277 303
47 13 309 310 311 313
48 13 313 311 310 320
49 13 307 306 304 330
50 13 320 306 304 330
51 13 336 337 338 340
52 13 340 338 337 347
53 13 334 333 331 357
54 13 347 333 331 357
55 13 363 364 365 367
56 13 367 365 364 374
57 13 361 360 358 384
58 13 374 360 358 384
59 13 388 387 395 396
60 13 388 387 395 401
61 13 397 398 385 412
62 13 400 398 385 412
63 13 416 415 423 424
64 13 416 415 423 429
65 13 425 426 413 440
66 13 428 426 413 440
67 13 444 443 451 452
68 13 444 443 451 457
69 13 453 454 441 468
70 13 456 454 441 468
71 13 474 475 476 478
72 13 478 476 475 485
73 13 472 471 469 495
74 13 485 471 469 495
75 13 499 498 506 507
76 13 499 498 506 512
77 13 508 509 496 523
78 13 511 509 496 523
79 13 527 526 534 535
80 13 527 526 534 540
81 13 551 799 812 811
82 13 551 799 812 814
83 13 555 554 562 563
84 13 555 554 562 568
85 13 564 565 552 579
86 13 567 565 552 579
87 13 583 582 590 591
88 13 583 582 590 596
89 13 592 593 580 607
90 13 595 593 580 607
91 13 613 614 615 617
92 13 617 615 614 624
93 13 611 610 608 634
94 13 624 610 608 634
95 13 640 641 642 644
96 13 644 642 641 651
97 13 638 637 635 661
98 13 651 637 635 661
99 13 665 664 672 673
100 13 665 664 672 678
101 13 674 675 662 689
102 13 677 675 662 689
103 13 693 692 700 701
104 13 693 692 700 706
105 13 702 703 690 717
106 13 705 703 690 717
107 13 723 724 725 727
108 13 727 725 724 734
109 13 721 720 718 744
110 13 734 720 718 744
111 13 750 751 752 754
112 13 754 752 751 761
113 13 748 747 745 771
114 13 761 747 745 771
115 13 777 778 779 781
116 13 781 779 778 788
117 13 775 774 772 798
118 13 788 774 772 798
119 13 802 801 809 810
120 13 802 801 809 815
121 13 826 1074 1087 1086
122 13 826 1074 1087 1089
123 13 830 829 837 838
124 13 830 829 837 843
125 13 839 840 827 854
126 13 842 840 827 854
127 13 860 861 862 864
128 13 864 862 861 871
129 13 858 857 855 881
130 13 871 857 855 881
131 13 885 884 892 893
132 13 885 884 892 898
133 13 894 895 882 909
134 13 897 895 882 909
135 13 915 916 917 919
136 13 919 917 916 926
137 13 913 912 910 936
138 13 926 912 910 936
139 13 940 939 947 948
140 13 940 939 947 953
141 13 949 950 937 964
142 13 952 950 937 964
143 13 968 967 975 976
144 13 968 967 975 981
145 13 977 978 965 992
146 13 980 978 965 992
147 13 998 999 1000 1002
148 13 1002 1000 999 1009
149 13 996 995 993 1019
150 13 1009 995 993 1019
151 13 1025 1026 1027 1029
152 13 1029 1027 1026 1036
153 13 1023 1022 1020 1046
154 13 1036 1022 1020 1046
155 13 1052 1053 1054 1056
156 13 1056 1054 1053 1063
157 13 1050 1049 1047 1073
158 13 1063 1049 1047 1073
159 13 1077 1076 1084 1085
160 13 1077 1076 1084 1090
161 13 1101 1349 1362 1361
162 13 1101 1349 1362 1364
163 13 1107 1108 1109 1111
164 13 1111 1109 1108 1118
165 13 1105 1104 1102 1128
166 13 1118 1104 1102 1128
167 13 1134 1135 1136 1138
168 13 1138 1136 1135 1145
169 13 1132 1131 1129 1155
170 13 1145 1131 1129 1155
171 13 1159 1158 1166 1167
172 13 1159 1158 1166 1172
173 13 1168 1169 1156 1183
174 13 1171 1169 1156 1183
175 13 1189 1190 1191 1193
176 13 1193 1191 1190 1200
177 13 1187 1186 1184 1210
178 13 1200 1186 1184 1210
179 13 1214 1213 1221 1222
180 13 1214 1213 1221 1227
181 13 1223 1224 1211 1238
182 13 1226 1224 1211 1238
183 13 1242 1241 1249 1250
184 13 1242 1241 1249 1255
185 13 1251 1252 1239 1266
186 13 1254 1252 1239 1266
187 13 1272 1273 1274 1276
188 13 1276 1274 1273 1283
189 13 1270 1269 1267 1293
190 13 1283 1269 1267 1293
191 13 1299 1300 1301 1303
192 13 1303 1301 1300 1310
193 13 1297 1296 1294 1320
194 13 1310 1296 1294 1320
195 13 1324 1323 1331 1332
196 13 1324 1323 1331 1337
197 13 1333 1334 1321 1348
198 13 1336 1334 1321 1348
199 13 1352 1351 1359 1360
200 13 1352 1351 1359 1365
201 13 3 2 4 5
202 13 3 2 4 18
203 13 7 8 9 10
204 13 10 9 8 18
205 13 30 31 39 40
206 13 30 31 39 45
207 13 41 42 29 43
208 13 43 29 42 44
209 13 58 57 59 60
210 13 58 57 59 73
211 13 62 63 64 65
212 13 65 64 63 73
213 13 85 84 86 87
214 13 85 84 86 100
215 13 89 90 91 92
216 13 92 91 90 100
217 13 112 113 121 122
218 13 112 113 121 127
219 13 123 124 111 125
220 13 125 111 124 126
221 13 140 141 149 150
222 13 140 141 149 155
223 13 151 152 139 153
224 13 153 139 152 154
225 13 168 169 177 178
226 13 168 169 177 183
227 13 179 180 167 181
228 13 181 167 180 182
229 13 196 195 197 198
230 13 196 195 197 211
231 13 200 201 202 203
232 13 203 202 201 211
233 13 223 222 224 225
234 13 223 222 224 238
235 13 227 228 229 230
236 13 230 229 228 238
237 13 250 251 259 260
238 13 250 251 259 265
239 13 261 262 249 263
240 13 263 249 262 264
241 13 278 277 279 280
242 13 278 277 279 293
243 13 282 283 284 285
244 13 285 284 283 293
245 13 305 304 306 307
246 13 305 304 306 320
247 13 309 310 311 312
248 13 312 311 310 320
249 13 332 331 333 334
250 13 332 331 333 347
251 13 336 337 338 339
252 13 339 338 337 347
253 13 359 358 360 361
254 13 359 358 360 374
255 13 363 364 365 366
256 13 366 365 364 374
257 13 386 387 395 396
258 13 386 387 395 401
259 13 397 398 385 399
260 13 399 385 398 400
261 13 414 415 423 424
262 13 414 415 423 429
263 13 425 426 413 427
264 13 427 413 426 428
265 13 442 443 451 452
266 13 442 443 451 457
267 13 453 454 441 455
268 13 455 441 454 456
269 13 470 469 471 472
270 13 470 469 471 485
271 13 474 475 476 477
272 13 477 476 475 485
273 13 497 498 506 507
274 13 497 498 506 512
275 13 508 509 496 510
276 13 510 496 509 511
277 13 525 526 534 535
278 13 525 526 534 540
279 13 536 537 524 538
280 13 538 524 537 539
281 13 553 554 562 563
282 13 553 554 562 568
283 13 564 565 552 566
284 13 566 552 565 567
285 13 581 582 590 591
286 13 581 582 590 596
287 13 592 593 580 594
288 13 594 580 593 595
289 13 609 608 610 611
290 13 609 608 610 624
291 13 613 614 615 616
292 13 616 615 614 624
293 13 636 635 637 638
294 13 636 635 637 651
295 13 640 641 642 643
296 13 643 642 641 651
297 13 663 664 672 673
298 13 663 664 672 678
299 13 674 675 662 676
300 13 676 662 675 677
301 13 691 692 700 701
302 13 691 692 700 706
303 13 702 703 690 704
304 13 704 690 703 705
305 13 719 718 720 721
306 13 719 718 720 734
307 13 723 724 725 726
308 13 726 725 724 734
309 13 746 745 747 748
310 13 746 745 747 761
311 13 750 751 752 753
312 13 753 752 751 761
313 13 773 772 774 775
314 13 773 772 774 788
315 13 777 778 779 780
316 13 780 779 778 788
317 13 800 801 809 810
318 13 800 801 809 815
319 13 811 812 799 813
320 13 813 799 812 814
321 13 828 829 837 838
322 13 828 829 837 843
323 13 839 840 827 841
324 13 841 827 840 842
325 13 856 855 857 858
326 13 856 855 857 871
327 13 860 861 862 863
328 13 863 862 861 871
329 13 883 884 892 893
330 13 883 884 892 898
331 13 894 895 882 896
332 13 896 882 895 897
333 13 911 910 912 913
334 13 911 910 912 926
335 13 915 916 917 918
336 13 918 917 916 926
337 13 938 939 947 948
338 13 938 939 947 953
339 13 949 950 937 951
340 13 951 937 950 952
341 13 966 967 975 976
342 13 966 967 975 981
343 13 977 978 965 979
344 13 979 965 978 980
345 13 994 993 995 996
346 13 994 993 995 1009
347 13 998 999 1000 1001
348 13 1001 1000 999 1009
349 13 1021 1020 1022 1023
350 13 1021 1020 1022 1036
351 13 1025 1026 1027 1028
352 13 1028 1027 1026 1036
353 13 1048 1047 1049 1050
354 13 1048 1047 1049 1063
355 13 1052 1053 1054 1055
356 13 1055 1054 1053 1063
357 13 1075 1076 1084 1085
358 13 1075 1076 1084 1090
359 13 1086 1087 1074 1088
360 13 1088 1074 1087 1089
361 13 1103 1102 1104 1105
362 13 1103 1102 1104 1118
363 13 1107 1108 1109 1110
364 13 1110 1109 1108 1118
365 13 1130 1129 1131 1132
366 13 1130 1129 1131 1145
367 13 1134 1135 1136 1137
368 13 1137 1136 1135 1145
369 13 1157 1158 1166 1167
370 13 1157 1158 1166 1172
371 13 1168 1169 1156 1170
372 13 1170 1156 1169 1171
373 13 1185 1184 1186 1187
374 13 1185 1184 1186 1200
375 13 1189 1190 1191 1192
376 13 1192 1191 1190 1200
377 13 1212 1213 1221 1222
378 13 1212 1213 1221 1227
379 13 1223 1224 1211 1225
380 13 1225 1211 1224 1226
381 13 1240 1241 1249 1250
382 13 1240 1241 1249 1255
383 13 1251 1252 1239 1253
384 13 1253 1239 1252 1254
385 13 1268 1267 1269 1270
386 13 1268 1267 1269 1283
387 13 1272 1273 1274 1275
388 13 1275 1274 1273 1283
389 13 1295 1294 1296 1297
390 13 1295 1294 1296 1310
391 13 1299 1300 1301 1302
392 13 1302 1301 1300 1310
393 13 1322 1323 1331 1332
394 13 1322 1323 1331 1337
395 13 1333 1334 1321 1335
396 13 1335 1321 1334 1336
397 13 1350 1351 1359 1360
398 13 1350 1351 1359 1365
399 13 1361 1362 1349 1363
400 13 1363 1349 1362 1364
401 16 3 2 28 36
402 16 10 9 11 12
403 16 30 31 32 33
404 16 43 29 56 70
405 16 58 57 83 97
406 16 65 64 66 67
407 16 85 84 110 118
408 16 92 91 93 94
409 16 112 113 114 115
410 16 125 111 138 146
411 16 140 141 142 143
412 16 153 139 166 174
413 16 168 169 170 171
414 16 181 167 194 208
415 16 196 195 221 235
416 16 203 202 204 205
417 16 223 222 248 256
418 16 230 229 231 232
419 16 250 251 252 253
420 16 15 1 249 263
421 16 278 277 303 317
422 16 285 284 286 287
423 16 305 304 330 344
424 16 312 311 313 314
425 16 332 331 357 371
426 16 339 338 340 341
427 16 359 358 384 392
428 16 366 365 367 368
429 16 386 387 388 389
430 16 399 385 412 420
431 16 414 415 416 417
432 16 427 413 440 448
433 16 442 443 444 445
434 16 455 441 468 482
435 16 470 469 495 503
436 16 477 476 478 479
437 16 497 498 499 500
438 16 510 496 523 531
439 16 525 526 527 528
440 16 290 276 524 538
441 16 553 554 555 556
442 16 566 552 579 587
443 16 581 582 583 584
444 16 594 580 607 621
445 16 609 608 634 648
446 16 616 615 617 618
447 16 636 635 661 669
448 16 643 642 644 645
449 16 663 664 665 666
450 16 676 662 689 697
451 16 691 692 693 694
452 16 704 690 717 731
453 16 719 718 744 758
454 16 726 725 727 728
455 16 746 745 771 785
456 16 753 752 754 755
457 16 773 772 798 806
458 16 780 779 781 782
459 16 800 801 802 803
460 16 559 551 799 813
461 16 828 829 830 831
462 16 841 827 854 868
463 16 856 855 881 889
464 16 863 862 864 865
465 16 883 884 885 886
466 16 896 882 909 923
467 16 911 910 936 944
468 16 918 917 919 920
469 16 938 939 940 941
470 16 951 937 964 972
471 16 966 967 968 969
472 16 979 965 992 1006
473 16 994 993 1019 1033
474 16 1001 1000 1002 1003
475 16 1021 1020 1046 1060
476 16 1028 1027 1029 1030
477 16 1048 1047 1073 1081
478 16 1055 1054 1056 1057
479 16 1075 1076 1077 1078
480 16 834 826 1074 1088
481 16 1103 1102 1128 1142
482 16 1110 1109 1111 1112
483 16 1130 1129 1155 1163
484 16 1137 1136 1138 1139
485 16 1157 1158 1159 1160
486 16 1170 1156 1183 1197
487 16 1185 1184 1210 1218
488 16 1192 1191 1193 1194
489 16 1212 1213 1214 1215
490 16 1225 1211 1238 1246
491 16 1240 1241 1242 1243
492 16 1253 1239 1266 1280
493 16 1268 1267 1293 1307
494 16 1275 1274 1276 1277
495 16 1295 1294 1320 1328
496 16 1302 1301 1303 1304
497 16 1322 1323 1324 1325
498 16 1335 1321 1348 1356
499 16 1350 1351 1352 1353
500 16 1115 1101 1349 1363
501 16 4 2 28 36
502 16 8 9 11 12
503 16 33 32 31 39
504 16 42 29 56 70
505 16 59 57 83 97
506 16 63 64 66 67
507 16 86 84 110 118
508 16 90 91 93 94
509 16 115 114 113 121
510 16 124 111 138 146
511 16 143 142 141 149
512 16 152 139 166 174
513 16 171 170 169 177
514 16 180 167 194 208
515 16 197 195 221 235
516 16 201 202 204 205
517 16 224 222 248 256
518 16 228 229 231 232
519 16 253 252 251 259
520 16 15 1 249 262
521 16 279 277 303 317
522 16 283 284 286 287
523 16 306 304 330 344
524 16 310 311 313 314
525 16 333 331 357 371
526 16 337 338 340 341
527 16 360 358 384 392
528 16 364 365 367 368
529 16 389 388 387 395
530 16 398 385 412 420
531 16 417 416 415 423
532 16 426 413 440 448
533 16 445 444 443 451
534 16 454 441 468 482
535 16 471 469 495 503
536 16 475 476 478 479
537 16 500 499 498 506
538 16 509 496 523 531
539 16 528 527 526 534
540 16 290 276 524 537
541 16 556 555 554 562
542 16 565 552 579 587
543 16 584 583 582 590
544 16 593 580 607 621
545 16 610 608 634 648
546 16 614 615 617 618
547 16 637 635 661 669
548 16 641 642 644 645
549 16 666 665 664 672
550 16 675 662 689 697
551 16 694 693 692 700
552 16 703 690 717 731
553 16 720 718 744 758
554 16 724 725 727 728
555 16 747 745 771 785
556 16 751 752 754 755
557 16 774 772 798 806
558 16 778 779 781 782
559 16 803 802 801 809
560 16 559 551 799 812
561 16 831 830 829 837
562 16 840 827 854 868
563 16 857 855 881 889
564 16 861 862 864 865
565 16 886 885 884 892
566 16 895 882 909 923
567 16 912 910 936 944
568 16 916 917 919 920
569 16 941 940 939 947
570 16 950 937 964 972
571 16 969 968 967 975
572 16 978 965 992 1006
573 16 995 993 1019 1033
574 16 999 1000 1002 1003
575 16 1022 1020 1046 1060
576 16 1026 1027 1029 1030
577 16 1049 1047 1073 1081
578 16 1053 1054 1056 1057
579 16 1078 1077 1076 1084
580 16 834 826 1074 1087
581 16 1104 1102 1128 1142
582 16 1108 1109 1111 1112
583 16 1131 1129 1155 1163
584 16 1135 1136 1138 1139
585 16 1160 1159 1158 1166
586 16 1169 1156 1183 1197
587 16 1186 1184 1210 1218
588 16 1190 1191 1193 1194
589 16 1215 1214 1213 1221
590 16 1224 1211 1238 1246
591 16 1243 1242 1241 1249
592 16 1252 1239 1266 1280
593 16 1269 1267 1293 1307
594 16 1273 1274 1276 1277
595 16 1296 1294 1320 1328
596 16 1300 1301 1303 1304
597 16 1325 1324 1323 1331
598 16 1334 1321 1348 1356
599 16 1353 1352 1351 1359
600 16 1115 1101 1349 1362
601 16 4 2 28 49
602 16 8 9 11 21
603 16 39 31 32 46
604 16 42 29 56 79
605 16 59 57 83 106
606 16 63 64 66 76
607 16 86 84 110 131
608 16 90 91 93 103
609 16 121 113 114 128
610 16 124 111 138 159
611 16 149 141 142 156
612 16 152 139 166 187
613 16 177 169 170 184
614 16 180 167 194 217
615 16 197 195 221 244
616 16 201 202 204 214
617 16 224 222 248 269
618 16 228 229 231 241
619 16 259 251 252 266
620 16 24 1 249 262
621 16 279 277 303 326
622 16 283 284 286 296
623 16 306 304 330 353
624 16 310 311 313 323
625 16 333 331 357 380
626 16 337 338 340 350
627 16 360 358 384 405
628 16 364 365 367 377
629 16 395 387 388 402
630 16 398 385 412 433
631 16 423 415 416 430
632 16 426 413 440 461
633 16 451 443 444 458
634 16 454 441 468 491
635 16 471 469 495 516
636 16 475 476 478 488
637 16 506 498 499 513
638 16 509 496 523 544
639 16 534 526 527 541
640 16 299 276 524 537
641 16 562 554 555 569
642 16 565 552 579 600
643 16 590 582 583 597
644 16 593 580 607 630
645 16 610 608 634 657
646 16 614 615 617 627
647 16 637 635 661 682
648 16 641 642 644 654
649 16 672 664 665 679
650 16 675 662 689 710
651 16 700 692 693 707
652 16 703 690 717 740
653 16 720 718 744 767
654 16 724 725 727 737
655 16 747 745 771 794
656 16 751 752 754 764
657 16 774 772 798 819
658 16 778 779 781 791
659 16 809 801 802 816
660 16 572 551 799 812
661 16 837 829 830 844
662 16 840 827 854 877
663 16 857 855 881 902
664 16 861 862 864 874
665 16 892 884 885 899
666 16 895 882 909 932
667 16 912 910 936 957
668 16 916 917 919 929
669 16 947 939 940 954
670 16 950 937 964 985
671 16 975 967 968 982
672 16 978 965 992 1015
673 16 995 993 1019 1042
674 16 999 1000 1002 1012
675 16 1022 1020 1046 1069
676 16 1026 1027 1029 1039
677 16 1049 1047 1073 1094
678 16 1053 1054 1056 1066
679 16 1084 1076 1077 1091
680 16 847 826 1074 1087
681 16 1104 1102 1128 1151
682 16 1108 1109 1111 1121
683 16 1131 1129 1155 1176
684 16 1135 1136 1138 1148
685 16 1166 1158 1159 1173
686 16 1169 1156 1183 1206
687 16 1186 1184 1210 1231
688 16 1190 1191 1193 1203
689 16 1221 1213 1214 1228
690 16 1224 1211 1238 1259
691 16 1249 1241 1242 1256
692 16 1252 1239 1266 1289
693 16 1269 1267 1293 1316
694 16 1273 1274 1276 1286
695 16 1296 1294 1320 1341
696 16 1300 1301 1303 1313
697 16 1331 1323 1324 1338
698 16 1334 1321 1348 1369
699 16 1359 1351 1352 1366
700 16 1124 1101 1349 1362
701 195 1 15 14 13
702 195 1 15 16 17
703 195 11 12 13 14
704 195 11 12 17 16
705 195 28 36 35 34
706 195 28 36 37 38
707 195 32 33 34 35
708 195 32 33 38 37
709 195 56 70 69 68
710 195 56 70 71 72
711 195 66 67 68 69
712 195 66 67 72 71
713 195 83 97 96 95
714 195 83 97 98 99
715 195 93 94 95 96
716 195 93 94 99 98
717 195 110 118 117 116
718 195 110 118 119 120
719 195 114 115 116 117
720 195 114 115 120 119
721 195 138 146 145 144
722 195 138 146 147 148
723 195 142 143 144 145
724 195 142 143 148 147
725 195 166 174 173 172
726 195 166 174 175 176
727 195 170 171 172 173
728 195 170 171 176 175
729 195 194 208 207 206
730 195 194 208 209 210
731 195 204 205 206 207
732 195 204 205 210 209
733 195 221 235 234 233
734 195 221 235 236 237
735 195 231 232 233 234
736 195 231 232 237 236
737 195 248 256 255 254
738 195 248 256 257 258
739 195 252 253 254 255
740 195 252 253 258 257
741 195 276 290 289 288
742 195 276 290 291 292
743 195 286 287 288 289
744 195 286 287 292 291
745 195 303 317 316 315
746 195 303 317 318 319
747 195 313 314 315 316
748 195 313 314 319 318
749 195 330 344 343 342
750 195 330 344 345 346
751 195 340 341 342 343
752 195 340 341 346 345
753 195 357 371 370 369
754 195 357 371 372 373
755 195 367 368 369 370
756 195 367 368 373 372
757 195 384 392 391 390
758 195 384 392 393 394
759 195 388 389 390 391
760 195 388 389 394 393
761 195 412 420 419 418
762 195 412 420 421 422
763 195 416 417 418 419
764 195 416 417 422 421
765 195 440 448 447 446
766 195 440 448 449 450
767 195 444 445 446 447
768 195 444 445 450 449
769 195 468 482 481 480
770 195 468 482 483 484
771 195 478 479 480 481
772 195 478 479 484 483
773 195 495 503 502 501
774 195 495 503 504 505
775 195 499 500 501 502
776 195 499 500 505 504
777 195 523 531 530 529
778 195 523 531 532 533
779 195 527 528 529 530
780 195 527 528 533 532
781 195 551 559 558 557
782 195 551 559 560 561
783 195 555 556 557 558
784 195 555 556 561 560
785 195 579 587 586 585
786 195 579 587 588 589
787 195 583 584 585 586
788 195 583 584 589 588
789 195 607 621 620 619
790 195 607 621 622 623
791 195 617 618 619 620
792 195 617 618 623 622
793 195 634 648 647 646
794 195 634 648 649 650
795 195 644 645 646 647
796 195 644 645 650 649
797 195 661 669 668 667
798 195 661 669 670 671
799 195 665 666 667 668
800 195 665 666 671 670
801 195 689 697 696 695
802 195 689 697 698 699
803 195 693 694 695 696
804 195 693 694 699 698
805 195 717 731 730 729
806 195 717 731 732 733
807 195 727 728 729 730
808 195 727 728 733 732
809 195 744 758 757 756
810 195 744 758 759 760
811 195 754 755 756 757
812 195 754 755 760 759
813 195 771 785 784 783
814 195 771 785 786 787
815 195 781 782 783 784
816 195 781 782 787 786
817 195 798 806 805 804
818 195 798 806 807 808
819 195 802 803 804 805
820 195 802 803 808 807
821 195 826 834 833 832
822 195 826 834 835 836
823 195 830 831 832 833
824 195 830 831 836 835
825 195 854 868 867 866
826 195 854 868 869 870
827 195 864 865 866 867
828 195 864 865 870 869
829 195 881 889 888 887
830 195 881 889 890 891
831 195 885 886 887 888
832 195 885 886 891 890
833 195 909 923 922 921
834 195 909 923 924 925
835 195 919 920 921 922
836 195 919 920 925 924
837 195 936 944 943 942
838 195 936 944 945 946
839 195 940 941 942 943
840 195 940 941 946 945
841 195 964 972 971 970
842 195 964 972 973 974
843 195 968 969 970 971
844 195 968 969 974 973
845 195 992 1006 1005 1004
846 195 992 1006 1007 1008
847 195 1002 1003 1004 1005
848 195 1002 1003 1008 1007
849 195 1019 1033 1032 1031
850 195 1019 1033 1034 1035
851 195 1029 1030 1031 1032
852 195 1029 1030 1035 1034
853 195 1046 1060 1059 1058
854 195 1046 1060 1061 1062
855 195 1056 1057 1058 1059
856 195 1056 1057 1062 1061
857 195 1073 1081 1080 1079
858 195 1073 1081 1082 1083
859 195 1077 1078 1079 1080
860 195 1077 1078 1083 1082
861 195 1101 1115 1114 1113
862 195 1101 1115 1116 1117
863 195 1111 1112 1113 1114
864 195 1111 1112 1117 1116
865 195 1128 1142 1141 1140
866 195 1128 1142 1143 1144
867 195 1138 1139 1140 1141
868 195 1138 1139 1144 1143
869 195 1155 1163 1162 1161
870 195 1155 1163 1164 1165
871 195 1159 1160 1161 1162
872 195 1159 1160 1165 1164
873 195 1183 1197 1196 1195
874 195 1183 1197 1198 1199
875 195 1193 1194 1195 1196
876 195 1193 1194 1199 1198
877 195 1210 1218 1217 1216
878 195 1210 1218 1219 1220
879 195 1214 1215 1216 1217
880 195 1214 1215 1220 1219
881 195 1238 1246 1245 1244
882 195 1238 1246 1247 1248
883 195 1242 1243 1244 1245
884 195 1242 1243 1248 1247
885 195 1266 1280 1279 1278
886 195 1266 1280 1281 1282
887 195 1276 1277 1278 1279
888 195 1276 1277 1282 1281
889 195 1293 1307 1306 1305
890 195 1293 1307 1308 1309
891 195 1303 1304 1305 1306
892 195 1303 1304 1309 1308
893 195 1320 1328 1327 1326
894 195 1320 1328 1329 1330
895 195 1324 1325 1326 1327
896 195 1324 1325 1330 1329
897 195 1348 1356 1355 1354
898 195 1348 1356 1357 1358
899 195 1352 1353 1354 1355
900 195 1352 1353 1358 1357
901 195 1 15 14 23
902 195 1 15 16 25
903 195 11 12 13 22
904 195 11 12 17 26
905 195 28 36 35 48
906 195 28 36 37 50
907 195 32 33 34 47
908 195 32 33 38 51
909 195 56 70 69 78
910 195 56 70 71 80
911 195 66 67 68 77
912 195 66 67 72 81
913 195 83 97 96 105
914 195 83 97 98 107
915 195 93 94 95 104
916 195 93 94 99 108
917 195 110 118 117 130
918 195 110 118 119 132
919 195 114 115 116 129
920 195 114 115 120 133
921 195 138 146 145 158
922 195 138 146 147 160
923 195 142 143 144 157
924 195 142 143 148 161
925 195 166 174 173 186
926 195 166 174 175 188
927 195 170 171 172 185
928 195 170 171 176 189
929 195 194 208 207 216
930 195 194 208 209 218
931 195 204 205 206 215
932 195 204 205 210 219
933 195 221 235 234 243
934 195 221 235 236 245
935 195 231 232 233 242
936 195 231 232 237 246
937 195 248 256 255 268
938 195 248 256 257 270
939 195 252 253 254 267
940 195 252 253 258 271
941 195 276 290 289 298
942 195 276 290 291 300
943 195 286 287 288 297
944 195 286 287 292 301
945 195 303 317 316 325
946 195 303 317 318 327
947 195 313 314 315 324
948 195 313 314 319 328
949 195 330 344 343 352
950 195 330 344 345 354
951 195 340 341 342 351
952 195 340 341 346 355
953 195 357 371 370 379
954 195 357 371 372 381
955 195 367 368 369 378
956 195 367 368 373 382
957 195 384 392 391 404
958 195 384 392 393 406
959 195 388 389 390 403
960 195 388 389 394 407
961 195 412 420 419 432
962 195 412 420 421 434
963 195 416 417 418 431
964 195 416 417 422 435
965 195 440 448 447 460
966 195 440 448 449 462
967 195 444 445 446 459
968 195 444 445 450 463
969 195 468 482 481 490
970 195 468 482 483 492
971 195 478 479 480 489
972 195 478 479 484 493
973 195 495 503 502 515
974 195 495 503 504 517
975 195 499 500 501 514
976 195 499 500 505 518
977 195 523 531 530 543
978 195 523 531 532 545
979 195 527 528 529 542
980 195 527 528 533 546
981 195 551 559 558 571
982 195 551 559 560 573
983 195 555 556 557 570
984 195 555 556 561 574
985 195 579 587 586 599
986 195 579 587 588 601
987 195 583 584 585 598
988 195 583 584 589 602
989 195 607 621 620 629
990 195 607 621 622 631
991 195 617 618 619 628
992 195 617 618 623 632
993 195 634 648 647 656
994 195 634 648 649 658
995 195 644 645 646 655
996 195 644 645 650 659
997 195 661 669 668 681
998 195 661 669 670 683
999 195 665 666 667 680
1000 195 665 666 671 684
1001 195 689 697 696 709
1002 195 689 697 698 711
1003 195 693 694 695 708
1004 195 693 694 699 712
1005 195 717 731 730 739
1006 195 717 731 732 741
1007 195 727 728 729 738
1008 195 727 728 733 742
1009 195 744 758 757 766
1010 195 744 758 759 768
1011 195 754 755 756 765
1012 195 754 755 760 769
1013 195 771 785 784 793
1014 195 771 785 786 795
1015 195 781 782 783 792
1016 195 781 782 787 796
1017 195 798 806 805 818
1018 195 798 806 807 820
1019 195 802 803 804 817
1020 195 802 803 808 821
1021 195 826 834 833 846
1022 195 826 834 835 848
1023 195 830 831 832 845
1024 195 830 831 836 849
1025 195 854 868 867 876
1026 195 854 868 869 878
1027 195 864 865 866 875
1028 195 864 865 870 879
1029 195 881 889 888 901
1030 195 881 889 890 903
1031 195 885 886 887 900
1032 195 885 886 891 904
1033 195 909 923 922 931
1034 195 909 923 924 933
1035 195 919 920 921 930
1036 195 919 920 925 934
1037 195 936 944 943 956
1038 195 936 944 945 958
1039 195 940 941 942 955
1040 195 940 941 946 959
1041 195 964 972 971 984
1042 195 964 972 973 986
1043 195 968 969 970 983
1044 195 968 969 974 987
1045 195 992 1006 1005 1014
1046 195 992 1006 1007 1016
1047 195 1002 1003 1004 1013
1048 195 1002 1003 1008 1017
1049 195 1019 1033 1032 1041
1050 195 1019 1033 1034 1043
1051 195 1029 1030 1031 1040
1052 195 1029 1030 1035 1044
1053 195 1046 1060 1059 1068
1054 195 1046 1060 1061 1070
1055 195 1056 1057 1058 1067
1056 195 1056 1057 1062 1071
1057 195 1073 1081 1080 1093
1058 195 1073 1081 1082 1095
1059 195 1077 1078 1079 1092
1060 195 1077 1078 1083 1096
1061 195 1101 1115 1114 1123
1062 195 1101 1115 1116 1125
1063 195 1111 1112 1113 1122
1064 195 1111 1112 1117 1126
1065 195 1128 1142 1141 1150
1066 195 1128 1142 1143 1152
1067 195 1138 1139 1140 1149
1068 195 1138 1139 1144 1153
1069 195 1155 1163 1162 1175
1070 195 1155 1163 1164 1177
1071 195 1159 1160 1161 1174
1072 195 1159 1160 1165 1178
1073 195 1183 1197 1196 1205
1074 195 1183 1197 1198 1207
1075 195 1193 1194 1195 1204
1076 195 1193 1194 1199 1208
1077 195 1210 1218 1217 1230
1078 195 1210 1218 1219 1232
1079 195 1214 1215 1216 1229
1080 195 1214 1215 1220 1233
1081 195 1238 1246 1245 1258
1082 195 1238 1246 1247 1260
1083 195 1242 1243 1244 1257
1084 195 1242 1243 1248 1261
1085 195 1266 1280 1279 1288
1086 195 1266 1280 1281 1290
1087 195 1276 1277 1278 1287
1088 195 1276 1277 1282 1291
1089 195 1293 1307 1306 1315
1090 195 1293 1307 1308 1317
1091 195 1303 1304 1305 1314
1092 195 1303 1304 1309 1318
1093 195 1320 1328 1327 1340
1094 195 1320 1328 1329 1342
1095 195 1324 1325 1326 1339
1096 195 1324 1325 1330 1343
1097 195 1348 1356 1355 1368
1098 195 1348 1356 1357 1370
1099 195 1352 1353 1354 1367
1100 195 1352 1353 1358 1371
1101 195 2 4 5 6
1102 195 6 7 8 9
1103 195 57 59 60 61
1104 195 61 62 63 64
1105 195 84 86 87 88
1106 195 88 89 90 91
1107 195 195 197 198 199
1108 195 199 200 201 202
1109 195 222 224 225 226
1110 195 226 227 228 229
1111 195 277 279 280 281
1112 195 281 282 283 284
1113 195 304 306 307 308
1114 195 308 309 310 311
1115 195 331 333 334 335
1116 195 335 336 337 338
1117 195 358 360 361 362
1118 195 362 363 364 365
1119 195 469 471 472 473
1120 195 473 474 475 476
1121 195 608 610 611 612
1122 195 612 613 614 615
1123 195 635 637 638 639
1124 195 639 640 641 642
1125 195 718 720 721 722
1126 195 722 723 724 725
1127 195 745 747 748 749
1128 195 749 750 751 752
1129 195 772 774 775 776
1130 195 776 777 778 779
1131 195 855 857 858 859
1132 195 859 860 861 862
1133 195 910 912 913 914
1134 195 914 915 916 917
1135 195 993 995 996 997
1136 195 997 998 999 1000
1137 195 1020 1022 1023 1024
1138 195 1024 1025 1026 1027
1139 195 1047 1049 1050 1051
1140 195 1051 1052 1053 1054
1141 195 1102 1104 1105 1106
1142 195 1106 1107 1108 1109
1143 195 1129 1131 1132 1133
1144 195 1133 1134 1135 1136
1145 195 1184 1186 1187 1188
1146 195 1188 1189 1190 1191
1147 195 1267 1269 1270 1271
1148 195 1271 1272 1273 1274
1149 195 1294 1296 1297 1298
1150 195 1298 1299 1300 1301
1151 195 2 4 5 19
1152 195 9 8 7 20
1153 195 57 59 60 74
1154 195 64 63 62 75
1155 195 84 86 87 101
1156 195 91 90 89 102
1157 195 195 197 198 212
1158 195 202 201 200 213
1159 195 222 224 225 239
1160 195 229 228 227 240
1161 195 277 279 280 294
1162 195 284 283 282 295
1163 195 304 306 307 321
1164 195 311 310 309 322
1165 195 331 333 334 348
1166 195 338 337 336 349
1167 195 358 360 361 375
1168 195 365 364 363 376
1169 195 469 471 472 486
1170 195 476 475 474 487
1171 195 608 610 611 625
1172 195 615 614 613 626
1173 195 635 637 638 652
1174 195 642 641 640 653
1175 195 718 720 721 735
1176 195 725 724 723 736
1177 195 745 747 748 762
1178 195 752 751 750 763
1179 195 772 774 775 789
1180 195 779 778 777 790
1181 195 855 857 858 872
1182 195 862 861 860 873
1183 195 910 912 913 927
1184 195 917 916 915 928
1185 195 993 995 996 1010
1186 195 1000 999 998 1011
1187 195 1020 1022 1023 1037
1188 195 1027 1026 1025 1038
1189 195 1047 1049 1050 1064
1190 195 1054 1053 1052 1065
1191 195 1102 1104 1105 1119
1192 195 1109 1108 1107 1120
1193 195 1129 1131 1132 1146
1194 195 1136 1135 1134 1147
1195 195 1184 1186 1187 1201
1196 195 1191 1190 1189 1202
1197 195 1267 1269 1270 1284
1198 195 1274 1273 1272 1285
1199 195 1294 1296 1297 1311
1200 195 1301 1300 1299 1312
1201 195 2 4 18 8
1202 195 4 18 8 9
1203 195 29 42 41 40
1204 195 29 42 44 45
1205 195 31 39 40 41
1206 195 31 39 45 44
1207 195 57 59 73 63
1208 195 59 73 63 64
1209 195 84 86 100 90
1210 195 86 100 90 91
1211 195 111 124 123 122
1212 195 111 124 126 127
1213 195 113 121 122 123
1214 195 113 121 127 126
1215 195 139 152 151 150
1216 195 139 152 154 155
1217 195 141 149 150 151
1218 195 141 149 155 154
1219 195 167 180 179 178
1220 195 167 180 182 183
1221 195 169 177 178 179
1222 195 169 177 183 182
1223 195 195 197 211 201
1224 195 197 211 201 202
1225 195 222 224 238 228
1226 195 224 238 228 229
1227 195 249 262 261 260
1228 195 249 262 264 265
1229 195 251 259 260 261
1230 195 251 259 265 264
1231 195 277 279 293 283
1232 195 279 293 283 284
1233 195 304 306 320 310
1234 195 306 320 310 311
1235 195 331 333 347 337
1236 195 333 347 337 338
1237 195 358 360 374 364
1238 195 360 374 364 365
1239 195 385 398 397 396
1240 195 385 398 400 401
1241 195 387 395 396 397
1242 195 387 395 401 400
1243 195 413 426 425 424
1244 195 413 426 428 429
1245 195 415 423 424 425
1246 195 415 423 429 428
1247 195 441 454 453 452
1248 195 441 454 456 457
1249 195 443 451 452 453
1250 195 443 451 457 456
1251 195 469 471 485 475
1252 195 471 485 475 476
1253 195 496 509 508 507
1254 195 496 509 511 512
1255 195 498 506 507 508
1256 195 498 506 512 511
1257 195 524 537 536 535
1258 195 524 537 539 540
1259 195 526 534 535 536
1260 195 526 534 540 539
1261 195 552 565 564 563
1262 195 552 565 567 568
1263 195 554 562 563 564
1264 195 554 562 568 567
1265 195 580 593 592 591
1266 195 580 593 595 596
1267 195 582 590 591 592
1268 195 582 590 596 595
1269 195 608 610 624 614
1270 195 610 624 614 615
1271 195 635 637 651 641
1272 195 637 651 641 642
1273 195 662 675 674 673
1274 195 662 675 677 678
1275 195 664 672 673 674
1276 195 664 672 678 677
1277 195 690 703 702 701
1278 195 690 703 705 706
1279 195 692 700 701 702
1280 195 692 700 706 705
1281 195 718 720 734 724
1282 195 720 734 724 725
1283 195 745 747 761 751
1284 195 747 761 751 752
1285 195 772 774 788 778
1286 195 774 788 778 779
1287 195 799 812 811 810
1288 195 799 812 814 815
1289 195 801 809 810 811
1290 195 801 809 815 814
1291 195 827 840 839 838
1292 195 827 840 842 843
1293 195 829 837 838 839
1294 195 829 837 843 842
1295 195 855 857 871 861
1296 195 857 871 861 862
1297 195 882 895 894 893
1298 195 882 895 897 898
1299 195 884 892 893 894
1300 195 884 892 898 897
1301 195 910 912 926 916
1302 195 912 926 916 917
1303 195 937 950 949 948
1304 195 937 950 952 953
1305 195 939 947 948 949
1306 195 939 947 953 952
1307 195 965 978 977 976
1308 195 965 978 980 981
1309 195 967 975 976 977
1310 195 967 975 981 980
1311 195 993 995 1009 999
1312 195 995 1009 999 1000
1313 195 1020 1022 1036 1026
1314 195 1022 1036 1026 1027
1315 195 1047 1049 1063 1053
1316 195 1049 1063 1053 1054
1317 195 1074 1087 1086 1085
1318 195 1074 1087 1089 1090
1319 195 1076 1084 1085 1086
1320 195 1076 1084 1090 1089
1321 195 1102 1104 1118 1108
1322 195 1104 1118 1108 1109
1323 195 1129 1131 1145 1135
1324 195 1131 1145 1135 1136
1325 195 1156 1169 1168 1167
1326 195 1156 1169 1171 1172
1327 195 1158 1166 1167 1168
1328 195 1158 1166 1172 1171
1329 195 1184 1186 1200 1190
1330 195 1186 1200 1190 1191
1331 195 1211 1224 1223 1222
1332 195 1211 1224 1226 1227
1333 195 1213 1221 1222 1223
1334 195 1213 1221 1227 1226
1335 195 1239 1252 1251 1250
1336 195 1239 1252 1254 1255
1337 195 1241 1249 1250 1251
1338 195 1241 1249 1255 1254
1339 195 1267 1269 1283 1273
1340 195 1269 1283 1273 1274
1341 195 1294 1296 1310 1300
1342 195 1296 1310 1300 1301
1343 195 1321 1334 1333 1332
1344 195 1321 1334 1336 1337
1345 195 1323 1331 1332 1333
1346 195 1323 1331 1337 1336
1347 195 1349 1362 1361 1360
1348 195 1349 1362 1364 1365
1349 195 1351 1359 1360 1361
1350 195 1351 1359 1365 1364
1351 195 2 4 18 27
1352 195 9 8 18 27
1353 195 29 42 41 53
1354 195 29 42 44 54
1355 195 31 39 40 52
1356 195 31 39 45 55
1357 195 57 59 73 82
1358 195 64 63 73 82
1359 195 84 86 100 109
1360 195 91 90 100 109
1361 195 111 124 123 135
1362 195 111 124 126 136
1363 195 113 121 122 134
1364 195 113 121 127 137
1365 195 139 152 151 163
1366 195 139 152 154 164
1367 195 141 149 150 162
1368 195 141 149 155 165
1369 195 167 180 179 191
1370 195 167 180 182 192
1371 195 169 177 178 190
1372 195 169 177 183 193
1373 195 195 197 211 220
1374 195 202 201 211 220
1375 195 222 224 238 247
1376 195 229 228 238 247
1377 195 249 262 261 273
1378 195 249 262 264 274
1379 195 251 259 260 272
1380 195 251 259 265 275
1381 195 277 279 293 302
1382 195 284 283 293 302
1383 195 304 306 320 329
1384 195 311 310 320 329
1385 195 331 333 347 356
1386 195 338 337 347 356
1387 195 358 360 374 383
1388 195 365 364 374 383
1389 195 385 398 397 409
1390 195 385 398 400 410
1391 195 387 395 396 408
1392 195 387 395 401 411
1393 195 413 426 425 437
1394 195 413 426 428 438
1395 195 415 423 424 436
1396 195 415 423 429 439
1397 195 441 454 453 465
1398 195 441 454 456 466
1399 195 443 451 452 464
1400 195 443 451 457 467
1401 195 469 471 485 494
1402 195 476 475 485 494
1403 195 496 509 508 520
1404 195 496 509 511 521
1405 195 498 506 507 519
1406 195 498 506 512 522
1407 195 524 537 536 548
1408 195 524 537 539 549
1409 195 526 534 535 547
1410 195 526 534 540 550
1411 195 552 565 564 576
1412 195 552 565 567 577
1413 195 554 562 563 575
1414 195 554 562 568 578
1415 195 580 593 592 604
1416 195 580 593 595 605
1417 195 582 590 591 603
1418 195 582 590 596 606
1419 195 608 610 624 633
1420 195 615 614 624 633
1421 195 635 637 651 660
1422 195 642 641 651 660
1423 195 662 675 674 686
1424 195 662 675 677 687
1425 195 664 672 673 685
1426 195 664 672 678 688
1427 195 690 703 702 714
1428 195 690 703 705 715
1429 195 692 700 701 713
1430 195 692 700 706 716
1431 195 718 720 734 743
1432 195 725 724 734 743
1433 195 745 747 761 770
1434 195 752 751 761 770
1435 195 772 774 788 797
1436 195 779 778 788 797
1437 195 799 812 811 823
1438 195 799 812 814 824
1439 195 801 809 810 822
1440 195 801 809 815 825
1441 195 827 840 839 851
1442 195 827 840 842 852
1443 195 829 837 838 850
1444 195 829 837 843 853
1445 195 855 857 871 880
1446 195 862 861 871 880
1447 195 882 895 894 906
1448 195 882 895 897 907
1449 195 884 892 893 905
1450 195 884 892 898 908
1451 195 910 912 926 935
1452 195 917 916 926 935
1453 195 937 950 949 961
1454 195 937 950 952 962
1455 195 939 947 948 960
1456 195 939 947 953 963
1457 195 965 978 977 989
1458 195 965 978 980 990
1459 195 967 975 976 988
1460 195 967 975 981 991
1461 195 993 995 1009 1018
1462 195 1000 999 1009 1018
1463 195 1020 1022 1036 1045
1464 195 1027 1026 1036 1045
1465 195 1047 1049 1063 1072
1466 195 1054 1053 1063 1072
1467 195 1074 1087 1086 1098
1468 195 1074 1087 1089 1099
1469 195 1076 1084 1085 1097
1470 195 1076 1084 1090 1100
1471 195 1102 1104 1118 1127
1472 195 1109 1108 1118 1127
1473 195 1129 1131 1145 1154
1474 195 1136 1135 1145 1154
1475 195 1156 1169 1168 1180
1476 195 1156 1169 1171 1181
1477 195 1158 1166 1167 1179
1478 195 1158 1166 1172 1182
1479 195 1184 1186 1200 1209
1480 195 1191 1190 1200 1209
1481 195 1211 1224 1223 1235
1482 195 1211 1224 1226 1236
1483 195 1213 1221 1222 1234
1484 195 1213 1221 1227 1237
1485 195 1239 1252 1251 1263
1486 195 1239 1252 1254 1264
1487 195 1241 1249 1250 1262
1488 195 1241 1249 1255 1265
1489 195 1267 1269 1283 1292
1490 195 1274 1273 1283 1292
1491 195 1294 1296 1310 1319
1492 195 1301 1300 1310 1319
1493 195 1321 1334 1333 1345
1494 195 1321 1334 1336 1346
1495 195 1323 1331 1332 1344
1496 195 1323 1331 1337 1347
1497 195 1349 1362 1361 1373
1498 195 1349 1362 1364 1374
1499 195 1351 1359 1360 1372
1500 195 1351 1359 1365 1375
1501 195 4 18 8 7
1502 195 5 4 18 8
1503 195 12 13 14 15
1504 195 12 17 16 15
1505 195 13 12 17 16
1506 195 13 14 15 16
1507 195 14 13 12 17
1508 195 14 15 16 17
1509 195 33 34 35 36
1510 195 33 38 37 36
1511 195 34 33 38 37
1512 195 34 35 36 37
1513 195 35 34 33 38
1514 195 35 36 37 38
1515 195 39 40 41 42
1516 195 39 45 44 42
1517 195 40 39 45 44
1518 195 40 41 42 44
1519 195 41 40 39 45
1520 195 41 42 44 45
1521 195 59 73 63 62
1522 195 60 59 73 63
1523 195 67 68 69 70
1524 195 67 72 71 70
1525 195 68 67 72 71
1526 195 68 69 70 71
1527 195 69 68 67 72
1528 195 69 70 71 72
1529 195 86 100 90 89
1530 195 87 86 100 90
1531 195 94 95 96 97
1532 195 94 99 98 97
1533 195 95 94 99 98
1534 195 95 96 97 98
1535 195 96 95 94 99
1536 195 96 97 98 99
1537 195 115 116 117 118
1538 195 115 120 119 118
1539 195 116 115 120 119
1540 195 116 117 118 119
1541 195 117 116 115 120
1542 195 117 118 119 120
1543 195 121 122 123 124
1544 195 121 127 126 124
1545 195 122 121 127 126
1546 195 122 123 124 126
1547 195 123 122 121 127
1548 195 123 124 126 127
1549 195 143 144 145 146
1550 195 143 148 147 146
1551 195 144 143 148 147
1552 195 144 145 146 147
1553 195 145 144 143 148
1554 195 145 146 147 148
1555 195 149 150 151 152
1556 195 149 155 154 152
1557 195 150 149 155 154
1558 195 150 151 152 154
1559 195 151 150 149 155
1560 195 151 152 154 155
1561 195 171 172 173 174
1562 195 171 176 175 174
1563 195 172 171 176 175
1564 195 172 173 174 175
1565 195 173 172 171 176
1566 195 173 174 175 176
1567 195 177 178 179 180
1568 195 177 183 182 180
1569 195 178 177 183 182
1570 195 178 179 180 182
1571 195 179 178 177 183
1572 195 179 180 182 183
1573 195 197 211 201 200
1574 195 198 197 211 201
1575 195 205 206 207 208
1576 195 205 210 209 208
1577 195 206 205 210 209
1578 195 206 207 208 209
1579 195 207 206 205 210
1580 195 207 208 209 210
1581 195 224 238 228 227
1582 195 225 224 238 228
1583 195 232 233 234 235
1584 195 232 237 236 235
1585 195 233 232 237 236
1586 195 233 234 235 236
1587 195 234 233 232 237
1588 195 234 235 236 237
1589 195 253 254 255 256
1590 195 253 258 257 256
1591 195 254 253 258 257
1592 195 254 255 256 257
1593 195 255 254 253 258
1594 195 255 256 257 258
1595 195 259 260 261 262
1596 195 259 265 264 262
1597 195 260 259 265 264
1598 195 260 261 262 264
1599 195 261 260 259 265
1600 195 261 262 264 265
1601 195 279 293 283 282
1602 195 280 279 293 283
1603 195 287 288 289 290
1604 195 287 292 291 290
1605 195 288 287 292 291
1606 195 288 289 290 291
1607 195 289 288 287 292
1608 195 289 290 291 292
1609 195 306 320 310 309
1610 195 307 306 320 310
1611 195 314 315 316 317
1612 195 314 319 318 317
1613 195 315 314 319 318
1614 195 315 316 317 318
1615 195 316 315 314 319
1616 195 316 317 318 319
1617 195 333 347 337 336
1618 195 334 333 347 337
1619 195 341 342 343 344
1620 195 341 346 345 344
1621 195 342 341 346 345
1622 195 342 343 344 345
1623 195 343 342 341 346
1624 195 343 344 345 346
1625 195 360 374 364 363
1626 195 361 360 374 364
1627 195 368 369 370 371
1628 195 368 373 372 371
1629 195 369 368 373 372
1630 195 369 370 371 372
1631 195 370 369 368 373
1632 195 370 371 372 373
1633 195 389 390 391 392
1634 195 389 394 393 392
1635 195 390 389 394 393
1636 195 390 391 392 393
1637 195 391 390 389 394
1638 195 391 392 393 394
1639 195 395 396 397 398
1640 195 395 401 400 398
1641 195 396 395 401 400
1642 195 396 397 398 400
1643 195 397 396 395 401
1644 195 397 398 400 401
1645 195 417 418 419 420
1646 195 417 422 421 420
1647 195 418 417 422 421
1648 195 418 419 420 421
1649 195 419 418 417 422
1650 195 419 420 421 422
1651 195 423 424 425 426
1652 195 423 429 428 426
1653 195 424 423 429 428
1654 195 424 425 426 428
1655 195 425 424 423 429
1656 195 425 426 428 429
1657 195 445 446 447 448
1658 195 445 450 449 448
1659 195 446 445 450 449
1660 195 446 447 448 449
1661 195 447 446 445 450
1662 195 447 448 449 450
1663 195 451 452 453 454
1664 195 451 457 456 454
1665 195 452 451 457 456
1666 195 452 453 454 456
1667 195 453 452 451 457
1668 195 453 454 456 457
1669 195 471 485 475 474
1670 195 472 471 485 475
1671 195 479 480 481 482
1672 195 479 484 483 482
1673 195 480 479 484 483
1674 195 480 481 482 483
1675 195 481 480 479 484
1676 195 481 482 483 484
1677 195 500 501 502 503
1678 195 500 505 504 503
1679 195 501 500 505 504
1680 195 501 502 503 504
1681 195 502 501 500 505
1682 195 502 503 504 505
1683 195 506 507 508 509
1684 195 506 512 511 509
1685 195 507 506 512 511
1686 195 507 508 509 511
1687 195 508 507 506 512
1688 195 508 509 511 512
1689 195 528 529 530 531
1690 195 528 533 532 531
1691 195 529 528 533 532
1692 195 529 530 531 532
1693 195 530 529 528 533
1694 195 530 531 532 533
1695 195 534 535 536 537
1696 195 534 540 539 537
1697 195 535 534 540 539
1698 195 535 536 537 539
1699 195 536 535 534 540
1700 195 536 537 539 540
1701 195 556 557 558 559
1702 195 556 561 560 559
1703 195 557 556 561 560
1704 195 557 558 559 560
1705 195 558 557 556 561
1706 195 558 559 560 561
1707 195 562 563 564 565
1708 195 562 568 567 565
1709 195 563 562 568 567
1710 195 563 564 565 567
1711 195 564 563 562 568
1712 195 564 565 567 568
1713 195 584 585 586 587
1714 195 584 589 588 587
1715 195 585 584 589 588
1716 195 585 586 587 588
1717 195 586 585 584 589
1718 195 586 587 588 589
1719 195 590 591 592 593
1720 195 590 596 595 593
1721 195 591 590 596 595
1722 195 591 592 593 595
1723 195 592 591 590 596
1724 195 592 593 595 596
1725 195 610 624 614 613
1726 195 611 610 624 614
1727 195 618 619 620 621
1728 195 618 623 622 621
1729 195 619 618 623 622
1730 195 619 620 621 622
1731 195 620 619 618 623
1732 195 620 621 622 623
1733 195 637 651 641 640
1734 195 638 637 651 641
1735 195 645 646 647 648
1736 195 645 650 649 648
1737 195 646 645 650 649
1738 195 646 647 648 649
1739 195 647 646 645 650
1740 195 647 648 649 650
1741 195 666 667 668 669
1742 195 666 671 670 669
1743 195 667 666 671 670
1744 195 667 668 669 670
1745 195 668 667 666 671
1746 195 668 669 670 671
1747 195 672 673 674 675
1748 195 672 678 677 675
1749 195 673 672 678 677
1750 195 673 674 675 677
1751 195 674 673 672 678
1752 195 674 675 677 678
1753 195 694 695 696 697
1754 195 694 699 698 697
1755 195 695 694 699 698
1756 195 695 696 697 698
1757 195 696 695 694 699
1758 195 696 697 698 699
1759 195 700 701 702 703
1760 195 700 706 705 703
1761 195 701 700 706 705
1762 195 701 702 703 705
1763 195 702 701 700 706
1764 195 702 703 705 706
1765 195 720 734 724 723
1766 195 721 720 734 724
1767 195 728 729 730 731
1768 195 728 733 732 731
1769 195 729 728 733 732
1770 195 729 730 731 732
1771 195 730 729 728 733
1772 195 730 731 732 733
1773 195 747 761 751 750
1774 195 748 747 761 751
1775 195 755 756 757 758
1776 195 755 760 759 758
1777 195 756 755 760 759
1778 195 756 757 758 759
1779 195 757 756 755 760
1780 195 757 758 759 760
1781 195 774 788 778 777
1782 195 775 774 788 778
1783 195 782 783 784 785
1784 195 782 787 786 785
1785 195 783 782 787 786
1786 195 783 784 785 786
1787 195 784 783 782 787
1788 195 784 785 786 787
1789 195 803 804 805 806
1790 195 803 808 807 806
1791 195 804 803 808 807
1792 195 804 805 806 807
1793 195 805 804 803 808
1794 195 805 806 807 808
1795 195 809 810 811 812
1796 195 809 815 814 812
1797 195 810 809 815 814
1798 195 810 811 812 814
1799 195 811 810 809 815
1800 195 811 812 814 815
1801 195 831 832 833 834
1802 195 831 836 835 834
1803 195 832 831 836 835
1804 195 832 833 834 835
1805 195 833 832 831 836
1806 195 833 834 835 836
1807 195 837 838 839 840
1808 195 837 843 842 840
1809 195 838 837 843 842
1810 195 838 839 840 842
1811 195 839 838 837 843
1812 195 839 840 842 843
1813 195 857 871 861 860
1814 195 858 857 871 861
1815 195 865 866 867 868
1816 195 865 870 869 868
1817 195 866 865 870 869
1818 195 866 867 868 869
1819 195 867 866 865 870
1820 195 867 868 869 870
1821 195 886 887 888 889
1822 195 886 891 890 889
1823 195 887 886 891 890
1824 195 887 888 889 890
1825 195 888 887 886 891
1826 195 888 889 890 891
1827 195 892 893 894 895
1828 195 892 898 897 895
1829 195 893 892 898 897
1830 195 893 894 895 897
1831 195 894 893 892 898
1832 195 894 895 897 898
1833 195 912 926 916 915
1834 195 913 912 926 916
1835 195 920 921 922 923
1836 195 920 925 924 923
1837 195 921 920 925 924
1838 195 921 922 923 924
1839 195 922 921 920 925
1840 195 922 923 924 925
1841 195 941 942 943 944
1842 195 941 946 945 944
1843 195 942 941 946 945
1844 195 942 943 944 945
1845 195 943 942 941 946
1846 195 943 944 945 946
1847 195 947 948 949 950
1848 195 947 953 952 950
1849 195 948 947 953 952
1850 195 948 949 950 952
1851 195 949 948 947 953
1852 195 949 950 952 953
1853 195 969 970 971 972
1854 195 969 974 973 972
1855 195 970 969 974 973
1856 195 970 971 972 973
1857 195 971 970 969 974
1858 195 971 972 973 974
1859 195 975 976 977 978
1860 195 975 981 980 978
1861 195 976 975 981 980
1862 195 976 977 978 980
1863 195 977 976 975 981
1864 195 977 978 980 981
1865 195 995 1009 999 998
1866 195 996 995 1009 999
1867 195 1003 1004 1005 1006
1868 195 1003 1008 1007 1006
1869 195 1004 1003 1008 1007
1870 195 1004 1005 1006 1007
1871 195 1005 1004 1003 1008
1872 195 1005 1006 1007 1008
1873 195 1022 1036 1026 1025
1874 195 1023 1022 1036 1026
1875 195 1030 1031 1032 1033
1876 195 1030 1035 1034 1033
1877 195 1031 1030 1035 1034
1878 195 1031 1032 1033 1034
1879 195 1032 1031 1030 1035
1880 195 1032 1033 1034 1035
1881 195 1049 1063 1053 1052
1882 195 1050 1049 1063 1053
1883 195 1057 1058 1059 1060
1884 195 1057 1062 1061 1060
1885 195 1058 1057 1062 1061
1886 195 1058 1059 1060 1061
1887 195 1059 1058 1057 1062
1888 195 1059 1060 1061 1062
1889 195 1078 1079 1080 1081
1890 195 1078 1083 1082 1081
1891 195 1079 1078 1083 1082
1892 195 1079 1080 1081 1082
1893 195 1080 1079 1078 1083
1894 195 1080 1081 1082 1083
1895 195 1084 1085 1086 1087
1896 195 1084 1090 1089 1087
1897 195 1085 1084 1090 1089
1898 195 1085 1086 1087 1089
1899 195 1086 1085 1084 1090
1900 195 1086 1087 1089 1090
1901 195 1104 1118 1108 1107
1902 195 1105 1104 1118 1108
1903 195 1112 1113 1114 1115
1904 195 1112 1117 1116 1115
1905 195 1113 1112 1117 1116
1906 195 1113 1114 1115 1116
1907 195 1114 1113 1112 1117
1908 195 1114 1115 1116 1117
1909 195 1131 1145 1135 1134
1910 195 1132 1131 1145 1135
1911 195 1139 1140 1141 1142
1912 195 1139 1144 1143 1142
1913 195 1140 1139 1144 1143
1914 195 1140 1141 1142 1143
1915 195 1141 1140 1139 1144
1916 195 1141 1142 1143 1144
1917 195 1160 1161 1162 1163
1918 195 1160 1165 1164 1163
1919 195 1161 1160 1165 1164
1920 195 1161 1162 1163 1164
1921 195 1162 1161 1160 1165
1922 195 1162 1163 1164 1165
1923 195 1166 1167 1168 1169
1924 195 1166 1172 1171 1169
1925 195 1167 1166 1172 1171
1926 195 1167 1168 1169 1171
1927 195 1168 1167 1166 1172
1928 195 1168 1169 1171 1172
1929 195 1186 1200 1190 1189
1930 195 1187 1186 1200 1190
1931 195 1194 1195 1196 1197
1932 195 1194 1199 1198 1197
1933 195 1195 1194 1199 1198
1934 195 1195 1196 1197 1198
1935 195 1196 1195 1194 1199
1936 195 1196 1197 1198 1199
1937 195 1215 1216 1217 1218
1938 195 1215 1220 1219 1218
1939 195 1216 1215 1220 1219
1940 195 1216 1217 1218 1219
1941 195 1217 1216 1215 1220
1942 195 1217 1218 1219 1220
1943 195 1221 1222 1223 1224
1944 195 1221 1227 1226 1224
1945 195 1222 1221 1227 1226
1946 195 1222 1223 1224 1226
1947 195 1223 1222 1221 1227
1948 195 1223 1224 1226 1227
1949 195 1243 1244 1245 1246
1950 195 1243 1248 1247 1246
1951 195 1244 1243 1248 1247
1952 195 1244 1245 1246 1247
1953 195 1245 1244 1243 1248
1954 195 1245 1246 1247 1248
1955 195 1249 1250 1251 1252
1956 195 1249 1255 1254 1252
1957 195 1250 1249 1255 1254
1958 195 1250 1251 1252 1254
1959 195 1251 1250 1249 1255
1960 195 1251 1252 1254 1255
1961 195 1269 1283 1273 1272
1962 195 1270 1269 1283 1273
1963 195 1277 1278 1279 1280
1964 195 1277 1282 1281 1280
1965 195 1278 1277 1282 1281
1966 195 1278 1279 1280 1281
1967 195 1279 1278 1277 1282
1968 195 1279 1280 1281 1282
1969 195 1296 1310 1300 1299
1970 195 1297 1296 1310 1300
1971 195 1304 1305 1306 1307
1972 195 1304 1309 1308 1307
1973 195 1305 1304 1309 1308
1974 195 1305 1306 1307 1308
1975 195 1306 1305 1304 1309
1976 195 1306 1307 1308 1309
1977 195 1325 1326 1327 1328
1978 195 1325 1330 1329 1328
1979 195 1326 1325 1330 1329
1980 195 1326 1327 1328 1329
1981 195 1327 1326 1325 1330
1982 195 1327 1328 1329 1330
1983 195 1331 1332 1333 1334
1984 195 1331 1337 1336 1334
1985 195 1332 1331 1337 1336
1986 195 1332 1333 1334 1336
1987 195 1333 1332 1331 1337
1988 195 1333 1334 1336 1337
1989 195 1353 1354 1355 1356
1990 195 1353 1358 1357 1356
1991 195 1354 1353 1358 1357
1992 195 1354 1355 1356 1357
1993 195 1355 1354 1353 1358
1994 195 1355 1356 1357 1358
1995 195 1359 1360 1361 1362
1996 195 1359 1365 1364 1362
1997 195 1360 1359 1365 1364
1998 195 1360 1361 1362 1364
1999 195 1361 1360 1359 1365
2000 195 1361 1362 1364 1365
2001 195 5 4 18 27
2002 195 7 8 18 27
2003 195 12 13 14 23
2004 195 12 17 16 25
2005 195 13 12 17 26
2006 195 14 15 16 25
2007 195 15 14 13 22
2008 195 15 16 17 26
2009 195 16 15 14 23
2010 195 17 12 13 22
2011 195 33 34 35 48
2012 195 33 38 37 50
2013 195 34 33 38 51
2014 195 35 36 37 50
2015 195 36 35 34 47
2016 195 36 37 38 51
2017 195 37 36 35 48
2018 195 38 33 34 47
2019 195 39 40 41 53
2020 195 39 45 44 54
2021 195 40 39 45 55
2022 195 41 42 44 54
2023 195 42 41 40 52
2024 195 42 44 45 55
2025 195 44 42 41 53
2026 195 45 39 40 52
2027 195 60 59 73 82
2028 195 62 63 73 82
2029 195 67 68 69 78
2030 195 67 72 71 80
2031 195 68 67 72 81
2032 195 69 70 71 80
2033 195 70 69 68 77
2034 195 70 71 72 81
2035 195 71 70 69 78
2036 195 72 67 68 77
2037 195 87 86 100 109
2038 195 89 90 100 109
2039 195 94 95 96 105
2040 195 94 99 98 107
2041 195 95 94 99 108
2042 195 96 97 98 107
2043 195 97 96 95 104
2044 195 97 98 99 108
2045 195 98 97 96 105
2046 195 99 94 95 104
2047 195 115 116 117 130
2048 195 115 120 119 132
2049 195 116 115 120 133
2050 195 117 118 119 132
2051 195 118 117 116 129
2052 195 118 119 120 133
2053 195 119 118 117 130
2054 195 120 115 116 129
2055 195 121 122 123 135
2056 195 121 127 126 136
2057 195 122 121 127 137
2058 195 123 124 126 136
2059 195 124 123 122 134
2060 195 124 126 127 137
2061 195 126 124 123 135
2062 195 127 121 122 134
2063 195 143 144 145 158
2064 195 143 148 147 160
2065 195 144 143 148 161
2066 195 145 146 147 160
2067 195 146 145 144 157
2068 195 146 147 148 161
2069 195 147 146 145 158
2070 195 148 143 144 157
2071 195 149 150 151 163
2072 195 149 155 154 164
2073 195 150 149 155 165
2074 195 151 152 154 164
2075 195 152 151 150 162
2076 195 152 154 155 165
2077 195 154 152 151 163
2078 195 155 149 150 162
2079 195 171 172 173 186
2080 195 171 176 175 188
2081 195 172 171 176 189
2082 195 173 174 175 188
2083 195 174 173 172 185
2084 195 174 175 176 189
2085 195 175 174 173 186
2086 195 176 171 172 185
2087 195 177 178 179 191
2088 195 177 183 182 192
2089 195 178 177 183 193
2090 195 179 180 182 192
2091 195 180 179 178 190
2092 195 180 182 183 193
2093 195 182 180 179 191
2094 195 183 177 178 190
2095 195 198 197 211 220
2096 195 200 201 211 220
2097 195 205 206 207 216
2098 195 205 210 209 218
2099 195 206 205 210 219
2100 195 207 208 209 218
2101 195 208 207 206 215
2102 195 208 209 210 219
2103 195 209 208 207 216
2104 195 210 205 206 215
2105 195 225 224 238 247
2106 195 227 228 238 247
2107 195 232 233 234 243
2108 195 232 237 236 245
2109 195 233 232 237 246
2110 195 234 235 236 245
2111 195 235 234 233 242
2112 195 235 236 237 246
2113 195 236 235 234 243
2114 195 237 232 233 242
2115 195 253 254 255 268
2116 195 253 258 257 270
2117 195 254 253 258 271
2118 195 255 256 257 270
2119 195 256 255 254 267
2120 195 256 257 258 271
2121 195 257 256 255 268
2122 195 258 253 254 267
2123 195 259 260 261 273
2124 195 259 265 264 274
2125 195 260 259 265 275
2126 195 261 262 264 274
2127 195 262 261 260 272
2128 195 262 264 265 275
2129 195 264 262 261 273
2130 195 265 259 260 272
2131 195 280 279 293 302
2132 195 282 283 293 302
2133 195 287 288 289 298
2134 195 287 292 291 300
2135 195 288 287 292 301
2136 195 289 290 291 300
2137 195 290 289 288 297
2138 195 290 291 292 301
2139 195 291 290 289 298
2140 195 292 287 288 297
2141 195 307 306 320 329
2142 195 309 310 320 329
2143 195 314 315 316 325
2144 195 314 319 318 327
2145 195 315 314 319 328
2146 195 316 317 318 327
2147 195 317 316 315 324
2148 195 317 318 319 328
2149 195 318 317 316 325
2150 195 319 314 315 324
2151 195 334 333 347 356
2152 195 336 337 347 356
2153 195 341 342 343 352
2154 195 341 346 345 354
2155 195 342 341 346 355
2156 195 343 344 345 354
2157 195 344 343 342 351
2158 195 344 345 346 355
2159 195 345 344 343 352
2160 195 346 341 342 351
2161 195 361 360 374 383
2162 195 363 364 374 383
2163 195 368 369 370 379
2164 195 368 373 372 381
2165 195 369 368 373 382
2166 195 370 371 372 381
2167 195 371 370 369 378
2168 195 371 372 373 382
2169 195 372 371 370 379
2170 195 373 368 369 378
2171 195 389 390 391 404
2172 195 389 394 393 406
2173 195 390 389 394 407
2174 195 391 392 393 406
2175 195 392 391 390 403
2176 195 392 393 394 407
2177 195 393 392 391 404
2178 195 394 389 390 403
2179 195 395 396 397 409
2180 195 395 401 400 410
2181 195 396 395 401 411
2182 195 397 398 400 410
2183 195 398 397 396 408
2184 195 398 400 401 411
2185 195 400 398 397 409
2186 195 401 395 396 408
2187 195 417 418 419 432
2188 195 417 422 421 434
2189 195 418 417 422 435
2190 195 419 420 421 434
2191 195 420 419 418 431
2192 195 420 421 422 435
2193 195 421 420 419 432
2194 195 422 417 418 431
2195 195 423 424 425 437
2196 195 423 429 428 438
2197 195 424 423 429 439
2198 195 425 426 428 438
2199 195 426 425 424 436
2200 195 426 428 429 439
2201 195 428 426 425 437
2202 195 429 423 424 436
2203 195 445 446 447 460
2204 195 445 450 449 462
2205 195 446 445 450 463
2206 195 447 448 449 462
2207 195 448 447 446 459
2208 195 448 449 450 463
2209 195 449 448 447 460
2210 195 450 445 446 459
2211 195 451 452 453 465
2212 195 451 457 456 466
2213 195 452 451 457 467
2214 195 453 454 456 466
2215 195 454 453 452 464
2216 195 454 456 457 467
2217 195 456 454 453 465
2218 195 457 451 452 464
2219 195 472 471 485 494
2220 195 474 475 485 494
2221 195 479 480 481 490
2222 195 479 484 483 492
2223 195 480 479 484 493
2224 195 481 482 483 492
2225 195 482 481 480 489
2226 195 482 483 484 493
2227 195 483 482 481 490
2228 195 484 479 480 489
2229 195 500 501 502 515
2230 195 500 505 504 517
2231 195 501 500 505 518
2232 195 502 503 504 517
2233 195 503 502 501 514
2234 195 503 504 505 518
2235 195 504 503 502 515
2236 195 505 500 501 514
2237 195 506 507 508 520
2238 195 506 512 511 521
2239 195 507 506 512 522
2240 195 508 509 511 521
2241 195 509 508 507 519
2242 195 509 511 512 522
2243 195 511 509 508 520
2244 195 512 506 507 519
2245 195 528 529 530 543
2246 195 528 533 532 545
2247 195 529 528 533 546
2248 195 530 531 532 545
2249 195 531 530 529 542
2250 195 531 532 533 546
2251 195 532 531 530 543
2252 195 533 528 529 542
2253 195 534 535 536 548
2254 195 534 540 539 549
2255 195 535 534 540 550
2256 195 536 537 539 549
2257 195 537 536 535 547
2258 195 537 539 540 550
2259 195 539 537 536 548
2260 195 540 534 535 547
2261 195 556 557 558 571
2262 195 556 561 560 573
2263 195 557 556 561 574
2264 195 558 559 560 573
2265 195 559 558 557 570
2266 195 559 560 561 574
2267 195 560 559 558 571
2268 195 561 556 557 570
2269 195 562 563 564 576
2270 195 562 568 567 577
2271 195 563 562 568 578
2272 195 564 565 567 577
2273 195 565 564 563 575
2274 195 565 567 568 578
2275 195 567 565 564 576
2276 195 568 562 563 575
2277 195 584 585 586 599
2278 195 584 589 588 601
2279 195 585 584 589 602
2280 195 586 587 588 601
2281 195 587 586 585 598
2282 195 587 588 589 602
2283 195 588 587 586 599
2284 195 589 584 585 598
2285 195 590 591 592 604
2286 195 590 596 595 605
2287 195 591 590 596 606
2288 195 592 593 595 605
2289 195 593 592 591 603
2290 195 593 595 596 606
2291 195 595 593 592 604
2292 195 596 590 591 603
2293 195 611 610 624 633
2294 195 613 614 624 633
2295 195 618 619 620 629
2296 195 618 623 622 631
2297 195 619 618 623 632
2298 195 620 621 622 631
2299 195 621 620 619 628
2300 195 621 622 623 632
2301 195 622 621 620 629
2302 195 623 618 619 628
2303 195 638 637 651 660
2304 195 640 641 651 660
2305 195 645 646 647 656
2306 195 645 650 649 658
2307 195 646 645 650 659
2308 195 647 648 649 658
2309 195 648 647 646 655
2310 195 648 649 650 659
2311 195 649 648 647 656
2312 195 650 645 646 655
2313 195 666 667 668 681
2314 195 666 671 670 683
2315 195 667 666 671 684
2316 195 668 669 670 683
2317 195 669 668 667 680
2318 195 669 670 671 684
2319 195 670 669 668 681
2320 195 671 666 667 680
2321 195 672 673 674 686
2322 195 672 678 677 687
2323 195 673 672 678 688
2324 195 674 675 677 687
2325 195 675 674 673 685
2326 195 675 677 678 688
2327 195 677 675 674 686
2328 195 678 672 673 685
2329 195 694 695 696 709
2330 195 694 699 698 711
2331 195 695 694 699 712
2332 195 696 697 698 711
2333 195 697 696 695 708
2334 195 697 698 699 712
2335 195 698 697 696 709
2336 195 699 694 695 708
2337 195 700 701 702 714
2338 195 700 706 705 715
2339 195 701 700 706 716
2340 195 702 703 705 715
2341 195 703 702 701 713
2342 195 703 705 706 716
2343 195 705 703 702 714
2344 195 706 700 701 713
2345 195 721 720 734 743
2346 195 723 724 734 743
2347 195 728 729 730 739
2348 195 728 733 732 741
2349 195 729 728 733 742
2350 195 730 731 732 741
2351 195 731 730 729 738
2352 195 731 732 733 742
2353 195 732 731 730 739
2354 195 733 728 729 738
2355 195 748 747 761 770
2356 195 750 751 761 770
2357 195 755 756 757 766
2358 195 755 760 759 768
2359 195 756 755 760 769
2360 195 757 758 759 768
2361 195 758 757 756 765
2362 195 758 759 760 769
2363 195 759 758 757 766
2364 195 760 755 756 765
2365 195 775 774 788 797
2366 195 777 778 788 797
2367 195 782 783 784 793
2368 195 782 787 786 795
2369 195 783 782 787 796
2370 195 784 785 786 795
2371 195 785 784 783 792
2372 195 785 786 787 796
2373 195 786 785 784 793
2374 195 787 782 783 792
2375 195 803 804 805 818
2376 195 803 808 807 820
2377 195 804 803 808 821
2378 195 805 806 807 820
2379 195 806 805 804 817
2380 195 806 807 808 821
2381 195 807 806 805 818
2382 195 808 803 804 817
2383 195 809 810 811 823
2384 195 809 815 814 824
2385 195 810 809 815 825
2386 195 811 812 814 824
2387 195 812 811 810 822
2388 195 812 814 815 825
2389 195 814 812 811 823
2390 195 815 809 810 822
2391 195 831 832 833 846
2392 195 831 836 835 848
2393 195 832 831 836 849
2394 195 833 834 835 848
2395 195 834 833 832 845
2396 195 834 835 836 849
2397 195 835 834 833 846
2398 195 836 831 832 845
2399 195 837 838 839 851
2400 195 837 843 842 852
2401 195 838 837 843 853
2402 195 839 840 842 852
2403 195 840 839 838 850
2404 195 840 842 843 853
2405 195 842 840 839 851
2406 195 843 837 838 850
2407 195 858 857 871 880
2408 195 860 861 871 880
2409 195 865 866 867 876
2410 195 865 870 869 878
2411 195 866 865 870 879
2412 195 867 868 869 878
2413 195 868 867 866 875
2414 195 868 869 870 879
2415 195 869 868 867 876
2416 195 870 865 866 875
2417 195 886 887 888 901
2418 195 886 891 890 903
2419 195 887 886 891 904
2420 195 888 889 890 903
2421 195 889 888 887 900
2422 195 889 890 891 904
2423 195 890 889 888 901
2424 195 891 886 887 900
2425 195 892 893 894 906
2426 195 892 898 897 907
2427 195 893 892 898 908
2428 195 894 895 897 907
2429 195 895 894 893 905
2430 195 895 897 898 908
2431 195 897 895 894 906
2432 195 898 892 893 905
2433 195 913 912 926 935
2434 195 915 916 926 935
2435 195 920 921 922 931
2436 195 920 925 924 933
2437 195 921 920 925 934
2438 195 922 923 924 933
2439 195 923 922 921 930
2440 195 923 924 925 934
2441 195 924 923 922 931
2442 195 925 920 921 930
2443 195 941 942 943 956
2444 195 941 946 945 958
2445 195 942 941 946 959
2446 195 943 944 945 958
2447 195 944 943 942 955
2448 195 944 945 946 959
2449 195 945 944 943 956
2450 195 946 941 942 955
2451 195 947 948 949 961
2452 195 947 953 952 962
2453 195 948 947 953 963
2454 195 949 950 952 962
2455 195 950 949 948 960
2456 195 950 952 953 963
2457 195 952 950 949 961
2458 195 953 947 948 960
2459 195 969 970 971 984
2460 195 969 974 973 986
2461 195 970 969 974 987
2462 195 971 972 973 986
2463 195 972 971 970 983
2464 195 972 973 974 987
2465 195 973 972 971 984
2466 195 974 969 970 983
2467 195 975 976 977 989
2468 195 975 981 980 990
2469 195 976 975 981 991
2470 195 977 978 980 990
2471 195 978 977 976 988
2472 195 978 980 981 991
2473 195 980 978 977 989
2474 195 981 975 976 988
2475 195 996 995 1009 1018
2476 195 998 999 1009 1018
2477 195 1003 1004 1005 1014
2478 195 1003 1008 1007 1016
2479 195 1004 1003 1008 1017
2480 195 1005 1006 1007 1016
2481 195 1006 1005 1004 1013
2482 195 1006 1007 1008 1017
2483 195 1007 1006 1005 1014
2484 195 1008 1003 1004 1013
2485 195 1023 1022 1036 1045
2486 195 1025 1026 1036 1045
2487 195 1030 1031 1032 1041
2488 195 1030 1035 1034 1043
2489 195 1031 1030 1035 1044
2490 195 1032 1033 1034 1043
2491 195 1033 1032 1031 1040
2492 195 1033 1034 1035 1044
2493 195 1034 1033 1032 1041
2494 195 1035 1030 1031 1040
2495 195 1050 1049 1063 1072
2496 195 1052 1053 1063 1072
2497 195 1057 1058 1059 1068
2498 195 1057 1062 1061 1070
2499 195 1058 1057 1062 1071
2500 195 1059 1060 1061 1070
2501 195 1060 1059 1058 1067
2502 195 1060 1061 1062 1071
2503 195 1061 1060 1059 1068
2504 195 1062 1057 1058 1067
2505 195 1078 1079 1080 1093
2506 195 1078 1083 1082 1095
2507 195 1079 1078 1083 1096
2508 195 1080 1081 1082 1095
2509 195 1081 1080 1079 1092
2510 195 1081 1082 1083 1096
2511 195 1082 1081 1080 1093
2512 195 1083 1078 1079 1092
2513 195 1084 1085 1086 1098
2514 195 1084 1090 1089 1099
2515 195 1085 1084 1090 1100
2516 195 1086 1087 1089 1099
2517 195 1087 1086 1085 1097
2518 195 1087 1089 1090 1100
2519 195 1089 1087 1086 1098
2520 195 1090 1084 1085 1097
2521 195 1105 1104 1118 1127
2522 195 1107 1108 1118 1127
2523 195 1112 1113 1114 1123
2524 195 1112 1117 1116 1125
2525 195 1113 1112 1117 1126
2526 195 1114 1115 1116 1125
2527 195 1115 1114 1113 1122
2528 195 1115 1116 1117 1126
2529 195 1116 1115 1114 1123
2530 195 1117 1112 1113 1122
2531 195 1132 1131 1145 1154
2532 195 1134 1135 1145 1154
2533 195 1139 1140 1141 1150
2534 195 1139 1144 1143 1152
2535 195 1140 1139 1144 1153
2536 195 1141 1142 1143 1152
2537 195 1142 1141 1140 1149
2538 195 1142 1143 1144 1153
2539 195 1143 1142 1141 1150
2540 195 1144 1139 1140 1149
2541 195 1160 1161 1162 1175
2542 195 1160 1165 1164 1177
2543 195 1161 1160 1165 1178
2544 195 1162 1163 1164 1177
2545 195 1163 1162 1161 1174
2546 195 1163 1164 1165 1178
2547 195 1164 1163 1162 1175
2548 195 1165 1160 1161 1174
2549 195 1166 1167 1168 1180
2550 195 1166 1172 1171 1181
2551 195 1167 1166 1172 1182
2552 195 1168 1169 1171 1181
2553 195 1169 1168 1167 1179
2554 195 1169 1171 1172 1182
2555 195 1171 1169 1168 1180
2556 195 1172 1166 1167 1179
2557 195 1187 1186 1200 1209
2558 195 1189 1190 1200 1209
2559 195 1194 1195 1196 1205
2560 195 1194 1199 1198 1207
2561 195 1195 1194 1199 1208
2562 195 1196 1197 1198 1207
2563 195 1197 1196 1195 1204
2564 195 1197 1198 1199 1208
2565 195 1198 1197 1196 1205
2566 195 1199 1194 1195 1204
2567 195 1215 1216 1217 1230
2568 195 1215 1220 1219 1232
2569 195 1216 1215 1220 1233
2570 195 1217 1218 1219 1232
2571 195 1218 1217 1216 1229
2572 195 1218 1219 1220 1233
2573 195 1219 1218 1217 1230
2574 195 1220 1215 1216 1229
2575 195 1221 1222 1223 1235
2576 195 1221 1227 1226 1236
2577 195 1222 1221 1227 1237
2578 195 1223 1224 1226 1236
2579 195 1224 1223 1222 1234
2580 195 1224 1226 1227 1237
2581 195 1226 1224 1223 1235
2582 195 1227 1221 1222 1234
2583 195 1243 1244 1245 1258
2584 195 1243 1248 1247 1260
2585 195 1244 1243 1248 1261
2586 195 1245 1246 1247 1260
2587 195 1246 1245 1244 1257
2588 195 1246 1247 1248 1261
2589 195 1247 1246 1245 1258
2590 195 1248 1243 1244 1257
2591 195 1249 1250 1251 1263
2592 195 1249 1255 1254 1264
2593 195 1250 1249 1255 1265
2594 195 1251 1252 1254 1264
2595 195 1252 1251 1250 1262
2596 195 1252 1254 1255 1265
2597 195 1254 1252 1251 1263
2598 195 1255 1249 1250 1262
2599 195 1270 1269 1283 1292
2600 195 1272 1273 1283 1292
2601 195 1277 1278 1279 1288
2602 195 1277 1282 1281 1290
2603 195 1278 1277 1282 1291
2604 195 1279 1280 1281 1290
2605 195 1280 1279 1278 1287
2606 195 1280 1281 1282 1291
2607 195 1281 1280 1279 1288
2608 195 1282 1277 1278 1287
2609 195 1297 1296 1310 1319
2610 195 1299 1300 1310 1319
2611 195 1304 1305 1306 1315
2612 195 1304 1309 1308 1317
2613 195 1305 1304 1309 1318
2614 195 1306 1307 1308 1317
2615 195 1307 1306 1305 1314
2616 195 1307 1308 1309 1318
2617 195 1308 1307 1306 1315
2618 195 1309 1304 1305 1314
2619 195 1325 1326 1327 1340
2620 195 1325 1330 1329 1342
2621 195 1326 1325 1330 1343
2622 195 1327 1328 1329 1342
2623 195 1328 1327 1326 1339
2624 195 1328 1329 1330 1343
2625 195 1329 1328 1327 1340
2626 195 1330 1325 1326 1339
2627 195 1331 1332 1333 1345
2628 195 1331 1337 1336 1346
2629 195 1332 1331 1337 1347
2630 195 1333 1334 1336 1346
2631 195 1334 1333 1332 1344
2632 195 1334 1336 1337 1347
2633 195 1336 1334 1333 1345
2634 195 1337 1331 1332 1344
2635 195 1353 1354 1355 1368
2636 195 1353 1358 1357 1370
2637 195 1354 1353 1358 1371
2638 195 1355 1356 1357 1370
2639 195 1356 1355 1354 1367
2640 195 1356 1357 1358 1371
2641 195 1357 1356 1355 1368
2642 195 1358 1353 1354 1367
2643 195 1359 1360 1361 1373
2644 195 1359 1365 1364 1374
2645 195 1360 1359 1365 1375
2646 195 1361 1362 1364 1374
2647 195 1362 1361 1360 1372
2648 195 1362 1364 1365 1375
2649 195 1364 1362 1361 1373
2650 195 1365 1359 1360 1372
2651 195 6 5 4 18
2652 195 6 7 8 18
2653 195 61 60 59 73
2654 195 61 62 63 73
2655 195 88 87 86 100
2656 195 88 89 90 100
2657 195 199 198 197 211
2658 195 199 200 201 211
2659 195 226 225 224 238
2660 195 226 227 228 238
2661 195 281 280 279 293
2662 195 281 282 283 293
2663 195 308 307 306 320
2664 195 308 309 310 320
2665 195 335 334 333 347
2666 195 335 336 337 347
2667 195 362 361 360 374
2668 195 362 363 364 374
2669 195 473 472 471 485
2670 195 473 474 475 485
2671 195 612 611 610 624
2672 195 612 613 614 624
2673 195 639 638 637 651
2674 195 639 640 641 651
2675 195 722 721 720 734
2676 195 722 723 724 734
2677 195 749 748 747 761
2678 195 749 750 751 761
2679 195 776 775 774 788
2680 195 776 777 778 788
2681 195 859 858 857 871
2682 195 859 860 861 871
2683 195 914 913 912 926
2684 195 914 915 916 926
2685 195 997 996 995 1009
2686 195 997 998 999 1009
2687 195 1024 1023 1022 1036
2688 195 1024 1025 1026 1036
2689 195 1051 1050 1049 1063
2690 195 1051 1052 1053 1063
2691 195 1106 1105 1104 1118
2692 195 1106 1107 1108 1118
2693 195 1133 1132 1131 1145
2694 195 1133 1134 1135 1145
2695 195 1188 1187 1186 1200
2696 195 1188 1189 1190 1200
2697 195 1271 1270 1269 1283
2698 195 1271 1272 1273 1283
2699 195 1298 1297 1296 1310
2700 195 1298 1299 1300 1310
2701 195 18 8 7 20
2702 195 18 4 5 19
2703 195 73 63 62 75
2704 195 73 59 60 74
2705 195 100 90 89 102
2706 195 100 86 87 101
2707 195 211 201 200 213
2708 195 211 197 198 212
2709 195 238 228 227 240
2710 195 238 224 225 239
2711 195 293 283 282 295
2712 195 293 279 280 294
2713 195 320 310 309 322
2714 195 320 306 307 321
2715 195 347 337 336 349
2716 195 347 333 334 348
2717 195 374 364 363 376
2718 195 374 360 361 375
2719 195 485 475 474 487
2720 195 485 471 472 486
2721 195 624 614 613 626
2722 195 624 610 611 625
2723 195 651 641 640 653
2724 195 651 637 638 652
2725 195 734 724 723 736
2726 195 734 720 721 735
2727 195 761 751 750 763
2728 195 761 747 748 762
2729 195 788 778 777 790
2730 195 788 774 775 789
2731 195 871 861 860 873
2732 195 871 857 858 872
2733 195 926 916 915 928
2734 195 926 912 913 927
2735 195 1009 999 998 1011
2736 195 1009 995 996 1010
2737 195 1036 1026 1025 1038
2738 195 1036 1022 1023 1037
2739 195 1063 1053 1052 1065
2740 195 1063 1049 1050 1064
2741 195 1118 1108 1107 1120
2742 195 1118 1104 1105 1119
2743 195 1145 1135 1134 1147
2744 195 1145 1131 1132 1146
2745 195 1200 1190 1189 1202
2746 195 1200 1186 1187 1201
2747 195 1283 1273 1272 1285
2748 195 1283 1269 1270 1284
2749 195 1310 1300 1299 1312
2750 195 1310 1296 1297 1311
2751 195 22 13 14 23
2752 195 25 16 17 26
2753 195 47 34 35 48
2754 195 50 37 38 51
2755 195 52 40 41 53
2756 195 54 44 45 55
2757 195 77 68 69 78
2758 195 80 71 72 81
2759 195 104 95 96 105
2760 195 107 98 99 108
2761 195 129 116 117 130
2762 195 132 119 120 133
2763 195 134 122 123 135
2764 195 136 126 127 137
2765 195 157 144 145 158
2766 195 160 147 148 161
2767 195 162 150 151 163
2768 195 164 154 155 165
2769 195 185 172 173 186
2770 195 188 175 176 189
2771 195 190 178 179 191
2772 195 192 182 183 193
2773 195 215 206 207 216
2774 195 218 209 210 219
2775 195 242 233 234 243
2776 195 245 236 237 246
2777 195 267 254 255 268
2778 195 270 257 258 271
2779 195 272 260 261 273
2780 195 274 264 265 275
2781 195 297 288 289 298
2782 195 300 291 292 301
2783 195 324 315 316 325
2784 195 327 318 319 328
2785 195 351 342 343 352
2786 195 354 345 346 355
2787 195 378 369 370 379
2788 195 381 372 373 382
2789 195 403 390 391 404
2790 195 406 393 394 407
2791 195 408 396 397 409
2792 195 410 400 401 411
2793 195 431 418 419 432
2794 195 434 421 422 435
2795 195 436 424 425 437
2796 195 438 428 429 439
2797 195 459 446 447 460
2798 195 462 449 450 463
2799 195 464 452 453 465
2800 195 466 456 457 467
2801 195 489 480 481 490
2802 195 492 483 484 493
2803 195 514 501 502 515
2804 195 517 504 505 518
2805 195 519 507 508 520
2806 195 521 511 512 522
2807 195 542 529 530 543
2808 195 545 532 533 546
2809 195 547 535 536 548
2810 195 549 539 540 550
2811 195 570 557 558 571
2812 195 573 560 561 574
2813 195 575 563 564 576
2814 195 577 567 568 578
2815 195 598 585 586 599
2816 195 601 588 589 602
2817 195 603 591 592 604
2818 195 605 595 596 606
2819 195 628 619 620 629
2820 195 631 622 623 632
2821 195 655 646 647 656
2822 195 658 649 650 659
2823 195 680 667 668 681
2824 195 683 670 671 684
2825 195 685 673 674 686
2826 195 687 677 678 688
2827 195 708 695 696 709
2828 195 711 698 699 712
2829 195 713 701 702 714
2830 195 715 705 706 716
2831 195 738 729 730 739
2832 195 741 732 733 742
2833 195 765 756 757 766
2834 195 768 759 760 769
2835 195 792 783 784 793
2836 195 795 786 787 796
2837 195 817 804 805 818
2838 195 820 807 808 821
2839 195 822 810 811 823
2840 195 824 814 815 825
2841 195 845 832 833 846
2842 195 848 835 836 849
2843 195 850 838 839 851
2844 195 852 842 843 853
2845 195 875 866 867 876
2846 195 878 869 870 879
2847 195 900 887 888 901
2848 195 903 890 891 904
2849 195 905 893 894 906
2850 195 907 897 898 908
2851 195 930 921 922 931
2852 195 933 924 925 934
2853 195 955 942 943 956
2854 195 958 945 946 959
2855 195 960 948 949 961
2856 195 962 952 953 963
2857 195 983 970 971 984
2858 195 986 973 974 987
2859 195 988 976 977 989
2860 195 990 980 981 991
2861 195 1013 1004 1005 1014
2862 195 1016 1007 1008 1017
2863 195 1040 1031 1032 1041
2864 195 1043 1034 1035 1044
2865 195 1067 1058 1059 1068
2866 195 1070 1061 1062 1071
2867 195 1092 1079 1080 1093
2868 195 1095 1082 1083 1096
2869 195 1097 1085 1086 1098
2870 195 1099 1089 1090 1100
2871 195 1122 1113 1114 1123
2872 195 1125 1116 1117 1126
2873 195 1149 1140 1141 1150
2874 195 1152 1143 1144 1153
2875 195 1174 1161 1162 1175
2876 195 1177 1164 1165 1178
2877 195 1179 1167 1168 1180
2878 195 1181 1171 1172 1182
2879 195 1204 1195 1196 1205
2880 195 1207 1198 1199 1208
2881 195 1229 1216 1217 1230
2882 195 1232 1219 1220 1233
2883 195 1234 1222 1223 1235
2884 195 1236 1226 1227 1237
2885 195 1257 1244 1245 1258
2886 195 1260 1247 1248 1261
2887 195 1262 1250 1251 1263
2888 195 1264 1254 1255 1265
2889 195 1287 1278 1279 1288
2890 195 1290 1281 1282 1291
2891 195 1314 1305 1306 1315
2892 195 1317 1308 1309 1318
2893 195 1339 1326 1327 1340
2894 195 1342 1329 1330 1343
2895 195 1344 1332 1333 1345
2896 195 1346 1336 1337 1347
2897 195 1367 1354 1355 1368
2898 195 1370 1357 1358 1371
2899 195 1372 1360 1361 1373
2900 195 1374 1364 1365 1375
2901 200 9 11 12 13
2902 200 14 15 1 249
2903 200 16 15 1 249
2904 200 9 11 12 17
2905 200 31 32 33 34
2906 200 2 28 36 35
2907 200 2 28 36 37
2908 200 31 32 33 38
2909 200 64 66 67 68
2910 200 29 56 70 69
2911 200 29 56 70 71
2912 200 64 66 67 72
2913 200 91 93 94 95
2914 200 57 83 97 96
2915 200 57 83 97 98
2916 200 91 93 94 99
2917 200 113 114 115 116
2918 200 84 110 118 117
2919 200 84 110 118 119
2920 200 113 114 115 120
2921 200 141 142 143 144
2922 200 111 138 146 145
2923 200 111 138 146 147
2924 200 141 142 143 148
2925 200 169 170 171 172
2926 200 139 166 174 173
2927 200 139 166 174 175
2928 200 169 170 171 176
2929 200 202 204 205 206
2930 200 167 194 208 207
2931 200 167 194 208 209
2932 200 202 204 205 210
2933 200 229 231 232 233
2934 200 195 221 235 234
2935 200 195 221 235 236
2936 200 229 231 232 237
2937 200 251 252 253 254
2938 200 222 248 256 255
2939 200 222 248 256 257
2940 200 251 252 253 258
2941 200 284 286 287 288
2942 200 289 290 276 524
2943 200 291 290 276 524
2944 200 284 286 287 292
2945 200 311 313 314 315
2946 200 277 303 317 316
2947 200 277 303 317 318
2948 200 311 313 314 319
2949 200 338 340 341 342
2950 200 304 330 344 343
2951 200 304 330 344 345
2952 200 338 340 341 346
2953 200 365 367 368 369
2954 200 331 357 371 370
2955 200 331 357 371 372
2956 200 365 367 368 373
2957 200 387 388 389 390
2958 200 358 384 392 391
2959 200 358 384 392 393
2960 200 387 388 389 394
2961 200 415 416 417 418
2962 200 385 412 420 419
2963 200 385 412 420 421
2964 200 415 416 417 422
2965 200 443 444 445 446
2966 200 413 440 448 447
2967 200 413 440 448 449
2968 200 443 444 445 450
2969 200 476 478 479 480
2970 200 441 468 482 481
2971 200 441 468 482 483
2972 200 476 478 479 484
2973 200 498 499 500 501
2974 200 469 495 503 502
2975 200 469 495 503 504
2976 200 498 499 500 505
2977 200 526 527 528 529
2978 200 496 523 531 530
2979 200 496 523 531 532
2980 200 526 527 528 533
2981 200 554 555 556 557
2982 200 558 559 551 799
2983 200 560 559 551 799
2984 200 554 555 556 561
2985 200 582 583 584 585
2986 200 552 579 587 586
2987 200 552 579 587 588
2988 200 582 583 584 589
2989 200 615 617 618 619
2990 200 580 607 621 620
2991 200 580 607 621 622
2992 200 615 617 618 623
2993 200 642 644 645 646
2994 200 608 634 648 647
2995 200 608 634 648 649
2996 200 642 644 645 650
2997 200 664 665 666 667
2998 200 635 661 669 668
2999 200 635 661 669 670
3000 200 664 665 666 671
3001 200 692 693 694 695
3002 200 662 689 697 696
3003 200 662 689 697 698
3004 200 692 693 694 699
3005 200 725 727 728 729
3006 200 690 717 731 730
3007 200 690 717 731 732
3008 200 725 727 728 733
3009 200 752 754 755 756
3010 200 718 744 758 757
3011 200 718 744 758 759
3012 200 752 754 755 760
3013 200 779 781 782 783
3014 200 745 771 785 784
3015 200 745 771 785 786
3016 200 779 781 782 787
3017 200 801 802 803 804
3018 200 772 798 806 805
3019 200 772 798 806 807
3020 200 801 802 803 808
3021 200 829 830 831 832
3022 200 833 834 826 1074
3023 200 835 834 826 1074
3024 200 829 830 831 836
3025 200 862 864 865 866
3026 200 827 854 868 867
3027 200 827 854 868 869
3028 200 862 864 865 870
3029 200 884 885 886 887
3030 200 855 881 889 888
3031 200 855 881 889 890
3032 200 884 885 886 891
3033 200 917 919 920 921
3034 200 882 909 923 922
3035 200 882 909 923 924
3036 200 917 919 920 925
3037 200 939 940 941 942
3038 200 910 936 944 943
3039 200 910 936 944 945
3040 200 939 940 941 946
3041 200 967 968 969 970
3042 200 937 964 972 971
3043 200 937 964 972 973
3044 200 967 968 969 974
3045 200 1000 1002 1003 1004
3046 200 965 992 1006 1005
3047 200 965 992 1006 1007
3048 200 1000 1002 1003 1008
3049 200 1027 1029 1030 1031
3050 200 993 1019 1033 1032
3051 200 993 1019 1033 1034
3052 200 1027 1029 1030 1035
3053 200 1054 1056 1057 1058
3054 200 1020 1046 1060 1059
3055 200 1020 1046 1060 1061
3056 200 1054 1056 1057 1062
3057 200 1076 1077 1078 1079
3058 200 1047 1073 1081 1080
3059 200 1047 1073 1081 1082
3060 200 1076 1077 1078 1083
3061 200 1109 1111 1112 1113
3062 200 1114 1115 1101 1349
3063 200 1116 1115 1101 1349
3064 200 1109 1111 1112 1117
3065 200 1136 1138 1139 1140
3066 200 1102 1128 1142 1141
3067 200 1102 1128 1142 1143
3068 200 1136 1138 1139 1144
3069 200 1158 1159 1160 1161
3070 200 1129 1155 1163 1162
3071 200 1129 1155 1163 1164
3072 200 1158 1159 1160 1165
3073 200 1191 1193 1194 1195
3074 200 1156 1183 1197 1196
3075 200 1156 1183 1197 1198
3076 200 1191 1193 1194 1199
3077 200 1213 1214 1215 1216
3078 200 1184 1210 1218 1217
3079 200 1184 1210 1218 1219
3080 200 1213 1214 1215 1220
3081 200 1241 1242 1243 1244
3082 200 1211 1238 1246 1245
3083 200 1211 1238 1246 1247
3084 200 1241 1242 1243 1248
3085 200 1274 1276 1277 1278
3086 200 1239 1266 1280 1279
3087 200 1239 1266 1280 1281
3088 200 1274 1276 1277 1282
3089 200 1301 1303 1304 1305
3090 200 1267 1293 1307 1306
3091 200 1267 1293 1307 1308
3092 200 1301 1303 1304 1309
3093 200 1323 1324 1325 1326
3094 200 1294 1320 1328 1327
3095 200 1294 1320 1328 1329
3096 200 1323 1324 1325 1330
3097 200 1351 1352 1353 1354
3098 200 1321 1348 1356 1355
3099 200 1321 1348 1356 1357
3100 200 1351 1352 1353 1358
3101 200 13 12 11 21
3102 200 14 15 1 24
3103 200 16 15 1 24
3104 200 17 12 11 21
3105 200 34 33 32 46
3106 200 35 36 28 49
3107 200 37 36 28 49
3108 200 38 33 32 46
3109 200 68 67 66 76
3110 200 69 70 56 79
3111 200 71 70 56 79
3112 200 72 67 66 76
3113 200 95 94 93 103
3114 200 96 97 83 106
3115 200 98 97 83 106
3116 200 99 94 93 103
3117 200 116 115 114 128
3118 200 117 118 110 131
3119 200 119 118 110 131
3120 200 120 115 114 128
3121 200 144 143 142 156
3122 200 145 146 138 159
3123 200 147 146 138 159
3124 200 148 143 142 156
3125 200 172 171 170 184
3126 200 173 174 166 187
3127 200 175 174 166 187
3128 200 176 171 170 184
3129 200 206 205 204 214
3130 200 207 208 194 217
3131 200 209 208 194 217
3132 200 210 205 204 214
3133 200 233 232 231 241
3134 200 234 235 221 244
3135 200 236 235 221 244
3136 200 237 232 231 241
3137 200 254 253 252 266
3138 200 255 256 248 269
3139 200 257 256 248 269
3140 200 258 253 252 266
3141 200 288 287 286 296
3142 200 289 290 276 299
3143 200 291 290 276 299
3144 200 292 287 286 296
3145 200 315 314 313 323
3146 200 316 317 303 326
3147 200 318 317 303 326
3148 200 319 314 313 323
3149 200 342 341 340 350
3150 200 343 344 330 353
3151 200 345 344 330 353
3152 200 346 341 340 350
3153 200 369 368 367 377
3154 200 370 371 357 380
3155 200 372 371 357 380
3156 200 373 368 367 377
3157 200 390 389 388 402
3158 200 391 392 384 405
3159 200 393 392 384 405
3160 200 394 389 388 402
3161 200 418 417 416 430
3162 200 419 420 412 433
3163 200 421 420 412 433
3164 200 422 417 416 430
3165 200 446 445 444 458
3166 200 447 448 440 461
3167 200 449 448 440 461
3168 200 450 445 444 458
3169 200 480 479 478 488
3170 200 481 482 468 491
3171 200 483 482 468 491
3172 200 484 479 478 488
3173 200 501 500 499 513
3174 200 502 503 495 516
3175 200 504 503 495 516
3176 200 505 500 499 513
3177 200 529 528 527 541
3178 200 530 531 523 544
3179 200 532 531 523 544
3180 200 533 528 527 541
3181 200 557 556 555 569
3182 200 558 559 551 572
3183 200 560 559 551 572
3184 200 561 556 555 569
3185 200 585 584 583 597
3186 200 586 587 579 600
3187 200 588 587 579 600
3188 200 589 584 583 597
3189 200 619 618 617 627
3190 200 620 621 607 630
3191 200 622 621 607 630
3192 200 623 618 617 627
3193 200 646 645 644 654
3194 200 647 648 634 657
3195 200 649 648 634 657
3196 200 650 645 644 654
3197 200 667 666 665 679
3198 200 668 669 661 682
3199 200 670 669 661 682
3200 200 671 666 665 679
3201 200 695 694 693 707
3202 200 696 697 689 710
3203 200 698 697 689 710
3204 200 699 694 693 707
3205 200 729 728 727 737
3206 200 730 731 717 740
3207 200 732 731 717 740
3208 200 733 728 727 737
3209 200 756 755 754 764
3210 200 757 758 744 767
3211 200 759 758 744 767
3212 200 760 755 754 764
3213 200 783 782 781 791
3214 200 784 785 771 794
3215 200 786 785 771 794
3216 200 787 782 781 791
3217 200 804 803 802 816
3218 200 805 806 798 819
3219 200 807 806 798 819
3220 200 808 803 802 816
3221 200 832 831 830 844
3222 200 833 834 826 847
3223 200 835 834 826 847
3224 200 836 831 830 844
3225 200 866 865 864 874
3226 200 867 868 854 877
3227 200 869 868 854 877
3228 200 870 865 864 874
3229 200 887 886 885 899
3230 200 888 889 881 902
3231 200 890 889 881 902
3232 200 891 886 885 899
3233 200 921 920 919 929
3234 200 922 923 909 932
3235 200 924 923 909 932
3236 200 925 920 919 929
3237 200 942 941 940 954
3238 200 943 944 936 957
3239 200 945 944 936 957
3240 200 946 941 940 954
3241 200 970 969 968 982
3242 200 971 972 964 985
3243 200 973 972 964 985
3244 200 974 969 968 982
3245 200 1004 1003 1002 1012
3246 200 1005 1006 992 1015
3247 200 1007 1006 992 1015
3248 200 1008 1003 1002 1012
3249 200 1031 1030 1029 1039
3250 200 1032 1033 1019 1042
3251 200 1034 1033 1019 1042
3252 200 1035 1030 1029 1039
3253 200 1058 1057 1056 1066
3254 200 1059 1060 1046 1069
3255 200 1061 1060 1046 1069
3256 200 1062 1057 1056 1066
3257 200 1079 1078 1077 1091
3258 200 1080 1081 1073 1094
3259 200 1082 1081 1073 1094
3260 200 1083 1078 1077 1091
3261 200 1113 1112 1111 1121
3262 200 1114 1115 1101 1124
3263 200 1116 1115 1101 1124
3264 200 1117 1112 1111 1121
3265 200 1140 1139 1138 1148
3266 200 1141 1142 1128 1151
3267 200 1143 1142 1128 1151
3268 200 1144 1139 1138 1148
3269 200 1161 1160 1159 1173
3270 200 1162 1163 1155 1176
3271 200 1164 1163 1155 1176
3272 200 1165 1160 1159 1173
3273 200 1195 1194 1193 1203
3274 200 1196 1197 1183 1206
3275 200 1198 1197 1183 1206
3276 200 1199 1194 1193 1203
3277 200 1216 1215 1214 1228
3278 200 1217 1218 1210 1231
3279 200 1219 1218 1210 1231
3280 200 1220 1215 1214 1228
3281 200 1244 1243 1242 1256
3282 200 1245 1246 1238 1259
3283 200 1247 1246 1238 1259
3284 200 1248 1243 1242 1256
3285 200 1278 1277 1276 1286
3286 200 1279 1280 1266 1289
3287 200 1281 1280 1266 1289
3288 200 1282 1277 1276 1286
3289 200 1305 1304 1303 1313
3290 200 1306 1307 1293 1316
3291 200 1308 1307 1293 1316
3292 200 1309 1304 1303 1313
3293 200 1326 1325 1324 1338
3294 200 1327 1328 1320 1341
3295 200 1329 1328 1320 1341
3296 200 1330 1325 1324 1338
3297 200 1354 1353 1352 1366
3298 200 1355 1356 1348 1369
3299 200 1357 1356 1348 1369
3300 200 1358 1353 1352 1366
3301 206 4 5 6 7
3302 206 5 6 7 8
3303 206 59 60 61 62
3304 206 60 61 62 63
3305 206 86 87 88 89
3306 206 87 88 89 90
3307 206 197 198 199 200
3308 206 198 199 200 201
3309 206 224 225 226 227
3310 206 225 226 227 228
3311 206 279 280 281 282
3312 206 280 281 282 283
3313 206 306 307 308 309
3314 206 307 308 309 310
3315 206 333 334 335 336
3316 206 334 335 336 337
3317 206 360 361 362 363
3318 206 361 362 363 364
3319 206 471 472 473 474
3320 206 472 473 474 475
3321 206 610 611 612 613
3322 206 611 612 613 614
3323 206 637 638 639 640
3324 206 638 639 640 641
3325 206 720 721 722 723
3326 206 721 722 723 724
3327 206 747 748 749 750
3328 206 748 749 750 751
3329 206 774 775 776 777
3330 206 775 776 777 778
3331 206 857 858 859 860
3332 206 858 859 860 861
3333 206 912 913 914 915
3334 206 913 914 915 916
3335 206 995 996 997 998
3336 206 996 997 998 999
3337 206 1022 1023 1024 1025
3338 206 1023 1024 1025 1026
3339 206 1049 1050 1051 1052
3340 206 1050 1051 1052 1053
3341 206 1104 1105 1106 1107
3342 206 1105 1106 1107 1108
3343 206 1131 1132 1133 1134
3344 206 1132 1133 1134 1135
3345 206 1186 1187 1188 1189
3346 206 1187 1188 1189 1190
3347 206 1269 1270 1271 1272
3348 206 1270 1271 1272 1273
3349 206 1296 1297 1298 1299
3350 206 1297 1298 1299 1300
3351 206 7 6 5 19
3352 206 5 6 7 20
3353 206 62 61 60 74
3354 206 60 61 62 75
3355 206 89 88 87 101
3356 206 87 88 89 102
3357 206 200 199 198 212
3358 206 198 199 200 213
3359 206 227 226 225 239
3360 206 225 226 227 240
3361 206 282 281 280 294
3362 206 280 281 282 295
3363 206 309 308 307 321
3364 206 307 308 309 322
3365 206 336 335 334 348
3366 206 334 335 336 349
3367 206 363 362 361 375
3368 206 361 362 363 376
3369 206 474 473 472 486
3370 206 472 473 474 487
3371 206 613 612 611 625
3372 206 611 612 613 626
3373 206 640 639 638 652
3374 206 638 639 640 653
3375 206 723 722 721 735
3376 206 721 722 723 736
3377 206 750 749 748 762
3378 206 748 749 750 763
3379 206 777 776 775 789
3380 206 775 776 777 790
3381 206 860 859 858 872
3382 206 858 859 860 873
3383 206 915 914 913 927
3384 206 913 914 915 928
3385 206 998 997 996 1010
3386 206 996 997 998 1011
3387 206 1025 1024 1023 1037
3388 206 1023 1024 1025 1038
3389 206 1052 1051 1050 1064
3390 206 1050 1051 1052 1065
3391 206 1107 1106 1105 1119
3392 206 1105 1106 1107 1120
3393 206 1134 1133 1132 1146
3394 206 1132 1133 1134 1147
3395 206 1189 1188 1187 1201
3396 206 1187 1188 1189 1202
3397 206 1272 1271 1270 1284
3398 206 1270 1271 1272 1285
3399 206 1299 1298 1297 1311
3400 206 1297 1298 1299 1312
3401 602 10 9 11 21
3402 602 24 1 249 263
3403 602 30 31 32 46
3404 602 3 2 28 49
3405 602 65 64 66 76
3406 602 43 29 56 79
3407 602 92 91 93 103
3408 602 58 57 83 106
3409 602 112 113 114 128
3410 602 85 84 110 131
3411 602 140 141 142 156
3412 602 125 111 138 159
3413 602 168 169 170 184
3414 602 153 139 166 187
3415 602 203 202 204 214
3416 602 181 167 194 217
3417 602 230 229 231 241
3418 602 196 195 221 244
3419 602 250 251 252 266
3420 602 223 222 248 269
3421 602 285 284 286 296
3422 602 299 276 524 538
3423 602 312 311 313 323
3424 602 278 277 303 326
3425 602 339 338 340 350
3426 602 305 304 330 353
3427 602 366 365 367 377
3428 602 332 331 357 380
3429 602 386 387 388 402
3430 602 359 358 384 405
3431 602 414 415 416 430
3432 602 399 385 412 433
3433 602 442 443 444 458
3434 602 427 413 440 461
3435 602 477 476 478 488
3436 602 455 441 468 491
3437 602 497 498 499 513
3438 602 470 469 495 516
3439 602 525 526 527 541
3440 602 510 496 523 544
3441 602 553 554 555 569
3442 602 572 551 799 813
3443 602 581 582 583 597
3444 602 566 552 579 600
3445 602 616 615 617 627
3446 602 594 580 607 630
3447 602 643 642 644 654
3448 602 609 608 634 657
3449 602 663 664 665 679
3450 602 636 635 661 682
3451 602 691 692 693 707
3452 602 676 662 689 710
3453 602 726 725 727 737
3454 602 704 690 717 740
3455 602 753 752 754 764
3456 602 719 718 744 767
3457 602 780 779 781 791
3458 602 746 745 771 794
3459 602 800 801 802 816
3460 602 773 772 798 819
3461 602 828 829 830 844
3462 602 847 826 1074 1088
3463 602 863 862 864 874
3464 602 841 827 854 877
3465 602 883 884 885 899
3466 602 856 855 881 902
3467 602 918 917 919 929
3468 602 896 882 909 932
3469 602 938 939 940 954
3470 602 911 910 936 957
3471 602 966 967 968 982
3472 602 951 937 964 985
3473 602 1001 1000 1002 1012
3474 602 979 965 992 1015
3475 602 1028 1027 1029 1039
3476 602 994 993 1019 1042
3477 602 1055 1054 1056 1066
3478 602 1021 1020 1046 1069
3479 602 1075 1076 1077 1091
3480 602 1048 1047 1073 1094
3481 602 1110 1109 1111 1121
3482 602 1124 1101 1349 1363
3483 602 1137 1136 1138 1148
3484 602 1103 1102 1128 1151
3485 602 1157 1158 1159 1173
3486 602 1130 1129 1155 1176
3487 602 1192 1191 1193 1203
3488 602 1170 1156 1183 1206
3489 602 1212 1213 1214 1228
3490 602 1185 1184 1210 1231
3491 602 1240 1241 1242 1256
3492 602 1225 1211 1238 1259
3493 602 1275 1274 1276 1286
3494 602 1253 1239 1266 1289
3495 602 1302 1301 1303 1313
3496 602 1268 1267 1293 1316
3497 602 1322 1323 1324 1338
3498 602 1295 1294 1320 1341
3499 602 1350 1351 1352 1366
3500 602 1335 1321 1348 1369
