1 2 1 262 249 263
2 2 8 10 9 11
3 2 3 4 2 28
4 2 30 32 31 39
5 2 42 43 29 56
6 2 63 65 64 66
7 2 58 59 57 83
8 2 90 92 91 93
9 2 85 86 84 110
10 2 112 114 113 121
11 2 124 125 111 138
12 2 140 142 141 149
13 2 152 153 139 166
14 2 168 170 169 177
15 2 180 181 167 194
16 2 201 203 202 204
17 2 196 197 195 221
18 2 228 230 229 231
19 2 223 224 222 248
20 2 250 252 251 259
21 2 276 537 524 538
22 2 283 285 284 286
23 2 278 279 277 303
24 2 310 312 311 313
25 2 305 306 304 330
26 2 337 339 338 340
27 2 332 333 331 357
28 2 364 366 365 367
29 2 359 360 358 384
30 2 386 388 387 395
31 2 398 399 385 412
32 2 414 416 415 423
33 2 426 427 413 440
34 2 442 444 443 451
35 2 454 455 441 468
36 2 475 477 476 478
37 2 470 471 469 495
38 2 497 499 498 506
39 2 509 510 496 523
40 2 525 527 526 534
41 2 551 812 799 813
42 2 553 555 554 562
43 2 565 566 552 579
44 2 581 583 582 590
45 2 593 594 580 607
46 2 614 616 615 617
47 2 609 610 608 634
48 2 641 643 642 644
49 2 636 637 635 661
50 2 663 665 664 672
51 2 675 676 662 689
52 2 691 693 692 700
53 2 703 704 690 717
54 2 724 726 725 727
55 2 719 720 718 744
56 2 751 753 752 754
57 2 746 747 745 771
58 2 778 780 779 781
59 2 773 774 772 798
60 2 800 802 801 809
61 2 826 1087 1074 1088
62 2 828 830 829 837
63 2 840 841 827 854
64 2 861 863 862 864
65 2 856 857 855 881
66 2 883 885 884 892
67 2 895 896 882 909
68 2 916 918 917 919
69 2 911 912 910 936
70 2 938 940 939 947
71 2 950 951 937 964
72 2 966 968 967 975
73 2 978 979 965 992
74 2 999 1001 1000 1002
75 2 994 995 993 1019
76 2 1026 1028 1027 1029
77 2 1021 1022 1020 1046
78 2 1053 1055 1054 1056
79 2 1048 1049 1047 1073
80 2 1075 1077 1076 1084
81 2 1101 1362 1349 1363
82 2 1108 1110 1109 1111
83 2 1103 1104 1102 1128
84 2 1135 1137 1136 1138
85 2 1130 1131 1129 1155
86 2 1157 1159 1158 1166
87 2 1169 1170 1156 1183
88 2 1190 1192 1191 1193
89 2 1185 1186 1184 1210
90 2 1212 1214 1213 1221
91 2 1224 1225 1211 1238
92 2 1240 1242 1241 1249
93 2 1252 1253 1239 1266
94 2 1273 1275 1274 1276
95 2 1268 1269 1267 1293
96 2 1300 1302 1301 1303
97 2 1295 1296 1294 1320
98 2 1322 1324 1323 1331
99 2 1334 1335 1321 1348
100 2 1350 1352 1351 1359
101 3 4 8 18 27
102 3 12 14 13 22
103 3 12 16 17 26
104 3 13 15 14 23
105 3 15 17 16 25
106 3 33 35 34 47
107 3 33 37 38 51
108 3 34 36 35 48
109 3 36 38 37 50
110 3 39 41 40 52
111 3 39 44 45 55
112 3 40 42 41 53
113 3 42 45 44 54
114 3 59 63 73 82
115 3 67 69 68 77
116 3 67 71 72 81
117 3 68 70 69 78
118 3 70 72 71 80
119 3 86 90 100 109
120 3 94 96 95 104
121 3 94 98 99 108
122 3 95 97 96 105
123 3 97 99 98 107
124 3 115 117 116 129
125 3 115 119 120 133
126 3 116 118 117 130
127 3 118 120 119 132
128 3 121 123 122 134
129 3 121 126 127 137
130 3 122 124 123 135
131 3 124 127 126 136
132 3 143 145 144 157
133 3 143 147 148 161
134 3 144 146 145 158
135 3 146 148 147 160
136 3 149 151 150 162
137 3 149 154 155 165
138 3 150 152 151 163
139 3 152 155 154 164
140 3 171 173 172 185
141 3 171 175 176 189
142 3 172 174 173 186
143 3 174 176 175 188
144 3 177 179 178 190
145 3 177 182 183 193
146 3 178 180 179 191
147 3 180 183 182 192
148 3 197 201 211 220
149 3 205 207 206 215
150 3 205 209 210 219
151 3 206 208 207 216
152 3 208 210 209 218
153 3 224 228 238 247
154 3 232 234 233 242
155 3 232 236 237 246
156 3 233 235 234 243
157 3 235 237 236 245
158 3 253 255 254 267
159 3 253 257 258 271
160 3 254 256 255 268
161 3 256 258 257 270
162 3 259 261 260 272
163 3 259 264 265 275
164 3 260 262 261 273
165 3 262 265 264 274
166 3 279 283 293 302
167 3 287 289 288 297
168 3 287 291 292 301
169 3 288 290 289 298
170 3 290 292 291 300
171 3 306 310 320 329
172 3 314 316 315 324
173 3 314 318 319 328
174 3 315 317 316 325
175 3 317 319 318 327
176 3 333 337 347 356
177 3 341 343 342 351
178 3 341 345 346 355
179 3 342 344 343 352
180 3 344 346 345 354
181 3 360 364 374 383
182 3 368 370 369 378
183 3 368 372 373 382
184 3 369 371 370 379
185 3 371 373 372 381
186 3 389 391 390 403
187 3 389 393 394 407
188 3 390 392 391 404
189 3 392 394 393 406
190 3 395 397 396 408
191 3 395 400 401 411
192 3 396 398 397 409
193 3 398 401 400 410
194 3 417 419 418 431
195 3 417 421 422 435
196 3 418 420 419 432
197 3 420 422 421 434
198 3 423 425 424 436
199 3 423 428 429 439
200 3 424 426 425 437
201 3 426 429 428 438
202 3 445 447 446 459
203 3 445 449 450 463
204 3 446 448 447 460
205 3 448 450 449 462
206 3 451 453 452 464
207 3 451 456 457 467
208 3 452 454 453 465
209 3 454 457 456 466
210 3 471 475 485 494
211 3 479 481 480 489
212 3 479 483 484 493
213 3 480 482 481 490
214 3 482 484 483 492
215 3 500 502 501 514
216 3 500 504 505 518
217 3 501 503 502 515
218 3 503 505 504 517
219 3 506 508 507 519
220 3 506 511 512 522
221 3 507 509 508 520
222 3 509 512 511 521
223 3 528 530 529 542
224 3 528 532 533 546
225 3 529 531 530 543
226 3 531 533 532 545
227 3 534 536 535 547
228 3 534 539 540 550
229 3 535 537 536 548
230 3 537 540 539 549
231 3 556 558 557 570
232 3 556 560 561 574
233 3 557 559 558 571
234 3 559 561 560 573
235 3 562 564 563 575
236 3 562 567 568 578
237 3 563 565 564 576
238 3 565 568 567 577
239 3 584 586 585 598
240 3 584 588 589 602
241 3 585 587 586 599
242 3 587 589 588 601
243 3 590 592 591 603
244 3 590 595 596 606
245 3 591 593 592 604
246 3 593 596 595 605
247 3 610 614 624 633
248 3 618 620 619 628
249 3 618 622 623 632
250 3 619 621 620 629
251 3 621 623 622 631
252 3 637 641 651 660
253 3 645 647 646 655
254 3 645 649 650 659
255 3 646 648 647 656
256 3 648 650 649 658
257 3 666 668 667 680
258 3 666 670 671 684
259 3 667 669 668 681
260 3 669 671 670 683
261 3 672 674 673 685
262 3 672 677 678 688
263 3 673 675 674 686
264 3 675 678 677 687
265 3 694 696 695 708
266 3 694 698 699 712
267 3 695 697 696 709
268 3 697 699 698 711
269 3 700 702 701 713
270 3 700 705 706 716
271 3 701 703 702 714
272 3 703 706 705 715
273 3 720 724 734 743
274 3 728 730 729 738
275 3 728 732 733 742
276 3 729 731 730 739
277 3 731 733 732 741
278 3 747 751 761 770
279 3 755 757 756 765
280 3 755 759 760 769
281 3 756 758 757 766
282 3 758 760 759 768
283 3 774 778 788 797
284 3 782 784 783 792
285 3 782 786 787 796
286 3 783 785 784 793
287 3 785 787 786 795
288 3 803 805 804 817
289 3 803 807 808 821
290 3 804 806 805 818
291 3 806 808 807 820
292 3 809 811 810 822
293 3 809 814 815 825
294 3 810 812 811 823
295 3 812 815 814 824
296 3 831 833 832 845
297 3 831 835 836 849
298 3 832 834 833 846
299 3 834 836 835 848
300 3 837 839 838 850
301 3 837 842 843 853
302 3 838 840 839 851
303 3 840 843 842 852
304 3 857 861 871 880
305 3 865 867 866 875
306 3 865 869 870 879
307 3 866 868 867 876
308 3 868 870 869 878
309 3 886 888 887 900
310 3 886 890 891 904
311 3 887 889 888 901
312 3 889 891 890 903
313 3 892 894 893 905
314 3 892 897 898 908
315 3 893 895 894 906
316 3 895 898 897 907
317 3 912 916 926 935
318 3 920 922 921 930
319 3 920 924 925 934
320 3 921 923 922 931
321 3 923 925 924 933
322 3 941 943 942 955
323 3 941 945 946 959
324 3 942 944 943 956
325 3 944 946 945 958
326 3 947 949 948 960
327 3 947 952 953 963
328 3 948 950 949 961
329 3 950 953 952 962
330 3 969 971 970 983
331 3 969 973 974 987
332 3 970 972 971 984
333 3 972 974 973 986
334 3 975 977 976 988
335 3 975 980 981 991
336 3 976 978 977 989
337 3 978 981 980 990
338 3 995 999 1009 1018
339 3 1003 1005 1004 1013
340 3 1003 1007 1008 1017
341 3 1004 1006 1005 1014
342 3 1006 1008 1007 1016
343 3 1022 1026 1036 1045
344 3 1030 1032 1031 1040
345 3 1030 1034 1035 1044
346 3 1031 1033 1032 1041
347 3 1033 1035 1034 1043
348 3 1049 1053 1063 1072
349 3 1057 1059 1058 1067
350 3 1057 1061 1062 1071
351 3 1058 1060 1059 1068
352 3 1060 1062 1061 1070
353 3 1078 1080 1079 1092
354 3 1078 1082 1083 1096
355 3 1079 1081 1080 1093
356 3 1081 1083 1082 1095
357 3 1084 1086 1085 1097
358 3 1084 1089 1090 1100
359 3 1085 1087 1086 1098
360 3 1087 1090 1089 1099
361 3 1104 1108 1118 1127
362 3 1112 1114 1113 1122
363 3 1112 1116 1117 1126
364 3 1113 1115 1114 1123
365 3 1115 1117 1116 1125
366 3 1131 1135 1145 1154
367 3 1139 1141 1140 1149
368 3 1139 1143 1144 1153
369 3 1140 1142 1141 1150
370 3 1142 1144 1143 1152
371 3 1160 1162 1161 1174
372 3 1160 1164 1165 1178
373 3 1161 1163 1162 1175
374 3 1163 1165 1164 1177
375 3 1166 1168 1167 1179
376 3 1166 1171 1172 1182
377 3 1167 1169 1168 1180
378 3 1169 1172 1171 1181
379 3 1186 1190 1200 1209
380 3 1194 1196 1195 1204
381 3 1194 1198 1199 1208
382 3 1195 1197 1196 1205
383 3 1197 1199 1198 1207
384 3 1215 1217 1216 1229
385 3 1215 1219 1220 1233
386 3 1216 1218 1217 1230
387 3 1218 1220 1219 1232
388 3 1221 1223 1222 1234
389 3 1221 1226 1227 1237
390 3 1222 1224 1223 1235
391 3 1224 1227 1226 1236
392 3 1243 1245 1244 1257
393 3 1243 1247 1248 1261
394 3 1244 1246 1245 1258
395 3 1246 1248 1247 1260
396 3 1249 1251 1250 1262
397 3 1249 1254 1255 1265
398 3 1250 1252 1251 1263
399 3 1252 1255 1254 1264
400 3 1269 1273 1283 1292
401 3 1277 1279 1278 1287
402 3 1277 1281 1282 1291
403 3 1278 1280 1279 1288
404 3 1280 1282 1281 1290
405 3 1296 1300 1310 1319
406 3 1304 1306 1305 1314
407 3 1304 1308 1309 1318
408 3 1305 1307 1306 1315
409 3 1307 1309 1308 1317
410 3 1325 1327 1326 1339
411 3 1325 1329 1330 1343
412 3 1326 1328 1327 1340
413 3 1328 1330 1329 1342
414 3 1331 1333 1332 1344
415 3 1331 1336 1337 1347
416 3 1332 1334 1333 1345
417 3 1334 1337 1336 1346
418 3 1353 1355 1354 1367
419 3 1353 1357 1358 1371
420 3 1354 1356 1355 1368
421 3 1356 1358 1357 1370
422 3 1359 1361 1360 1372
423 3 1359 1364 1365 1375
424 3 1360 1362 1361 1373
425 3 1362 1365 1364 1374
426 4 2 36 28 49
427 4 9 12 11 21
428 4 29 70 56 79
429 4 31 33 32 46
430 4 57 97 83 106
431 4 64 67 66 76
432 4 84 118 110 131
433 4 91 94 93 103
434 4 111 146 138 159
435 4 113 115 114 128
436 4 139 174 166 187
437 4 141 143 142 156
438 4 167 208 194 217
439 4 169 171 170 184
440 4 195 235 221 244
441 4 202 205 204 214
442 4 222 256 248 269
443 4 229 232 231 241
444 4 15 24 1 249
445 4 251 253 252 266
446 4 277 317 303 326
447 4 284 287 286 296
448 4 304 344 330 353
449 4 311 314 313 323
450 4 331 371 357 380
451 4 338 341 340 350
452 4 358 392 384 405
453 4 365 368 367 377
454 4 385 420 412 433
455 4 387 389 388 402
456 4 413 448 440 461
457 4 415 417 416 430
458 4 441 482 468 491
459 4 443 445 444 458
460 4 469 503 495 516
461 4 476 479 478 488
462 4 496 531 523 544
463 4 498 500 499 513
464 4 290 299 276 524
465 4 526 528 527 541
466 4 552 587 579 600
467 4 554 556 555 569
468 4 580 621 607 630
469 4 582 584 583 597
470 4 608 648 634 657
471 4 615 618 617 627
472 4 635 669 661 682
473 4 642 645 644 654
474 4 662 697 689 710
475 4 664 666 665 679
476 4 690 731 717 740
477 4 692 694 693 707
478 4 718 758 744 767
479 4 725 728 727 737
480 4 745 785 771 794
481 4 752 755 754 764
482 4 772 806 798 819
483 4 779 782 781 791
484 4 559 572 551 799
485 4 801 803 802 816
486 4 827 868 854 877
487 4 829 831 830 844
488 4 855 889 881 902
489 4 862 865 864 874
490 4 882 923 909 932
491 4 884 886 885 899
492 4 910 944 936 957
493 4 917 920 919 929
494 4 937 972 964 985
495 4 939 941 940 954
496 4 965 1006 992 1015
497 4 967 969 968 982
498 4 993 1033 1019 1042
499 4 1000 1003 1002 1012
500 4 1020 1060 1046 1069
501 4 1027 1030 1029 1039
502 4 1047 1081 1073 1094
503 4 1054 1057 1056 1066
504 4 834 847 826 1074
505 4 1076 1078 1077 1091
506 4 1102 1142 1128 1151
507 4 1109 1112 1111 1121
508 4 1129 1163 1155 1176
509 4 1136 1139 1138 1148
510 4 1156 1197 1183 1206
511 4 1158 1160 1159 1173
512 4 1184 1218 1210 1231
513 4 1191 1194 1193 1203
514 4 1211 1246 1238 1259
515 4 1213 1215 1214 1228
516 4 1239 1280 1266 1289
517 4 1241 1243 1242 1256
518 4 1267 1307 1293 1316
519 4 1274 1277 1276 1286
520 4 1294 1328 1320 1341
521 4 1301 1304 1303 1313
522 4 1321 1356 1348 1369
523 4 1323 1325 1324 1338
524 4 1115 1124 1101 1349
525 4 1351 1353 1352 1366
