1 2 36 -0.7929 0.4245 4.999 3.124
2 2 1 0.2785 9.6376 4.4177 -2.3861
3 2 49 -0.4727 9.4555 5.4355 -1.7172
4 2 5 -0.0315 8.6811 3.2995 -2.1596
5 2 5 0.0644 8.7883 2.0949 -2.8428
6 2 42 -0.3533 7.9288 1.0619 -2.6802
7 2 5 0.0985 6.9143 1.2391 -1.7965
8 2 5 -0.0816 6.711 2.4064 -1.0657
9 2 1 0.5188 5.5542 2.4505 -0.1333
10 2 49 -0.52 5.1194 1.3739 0.2615
11 2 36 -0.6959 5.0494 3.7027 0.1751
12 2 5 0.2852 3.9236 3.9816 0.9901
13 2 5 -0.1311 3.185 3.0072 1.6609
14 2 5 -0.1596 2.0456 3.3543 2.3993
15 2 5 0.29 1.6499 4.6835 2.5288
16 2 5 -0.1572 2.3751 5.6578 1.8425
17 2 5 -0.1551 3.5126 5.3151 1.0964
18 2 5 -0.0597 7.6252 3.4477 -1.2426
19 2 22 0.183033 9.5775 1.8912 -3.5614
20 2 22 0.198433 6.2459 0.3853 -1.6975
21 2 26 0.323233 5.4513 4.5091 -0.2828
22 2 24 0.231733 3.4467 1.9548 1.6171
23 2 24 0.200133 1.468 2.5612 2.8682
24 2 26 0.337933 0.1096 4.3187 3.8097
25 2 24 0.197333 2.0546 6.6954 1.8709
26 2 24 0.196433 4.0479 6.109 0.5832
27 2 24 0.206933 7.5478 4.364 -0.6637
28 3 36 -0.8004 12.4462 -2.5971 0.5926
29 3 1 0.2702 22.23 2.6958 5.4732
30 3 49 -0.5255 18.3733 0.0745 1.1114
31 3 1 0.5056 18.168 0.0453 2.3195
32 3 36 -0.7051 17.101399999999998 -0.5512 2.9701
33 3 5 0.2847 15.9941 -1.1637 2.3447
34 3 5 -0.1359 15.872399999999999 -1.282 0.9614
35 3 5 -0.164 14.7119 -1.7992 0.3874
36 3 5 0.2878 13.6671 -2.2607 1.1829
37 3 5 -0.1622 13.7841 -2.1435 2.5696
38 3 5 -0.1629 14.9483 -1.6231 3.1516
39 3 5 -0.0434 19.178 0.7035 3.181
40 3 5 -0.073 20.4971 0.7385 2.7107
41 3 5 -0.1135 21.4936 1.3787 3.446
42 3 5 0.0058 21.1813 1.9997 4.6614
43 3 49 -0.4764 21.8664 3.2134 6.5249
44 3 5 -0.0817 19.848 1.9754 5.1234
45 3 5 -0.1004 18.8496 1.3365 4.384
46 3 26 0.31233 17.0864 -0.5369 3.981
47 3 24 0.22553 16.6507 -0.9547 0.2822
48 3 24 0.19193 14.636099999999999 -1.8175 -0.6961
49 3 26 0.33023 12.533 -2.9124 -0.3689
50 3 24 0.18823 12.958 -2.4379 3.2112
51 3 24 0.18553 14.998899999999999 -1.5488 4.2343
52 3 24 0.19553 20.7489 0.2743 1.758
53 3 24 0.18303 22.499200000000002 1.3838 3.0364
54 3 24 0.20153 19.5822 2.4747 6.054
55 3 24 0.17643 17.8232 1.3785 4.7386
56 4 36 -0.7929 24.2888 4.999 3.124
57 4 1 0.2785 33.5019 4.4177 -2.3861
58 4 49 -0.4727 33.3198 5.4355 -1.7172
59 4 5 -0.0315 32.5454 3.2995 -2.1596
60 4 5 0.0644 32.6526 2.0949 -2.8428
61 4 42 -0.3533 31.7931 1.0619 -2.6802
62 4 5 0.0985 30.7786 1.2391 -1.7965
63 4 5 -0.0816 30.5753 2.4064 -1.0657
64 4 1 0.5188 29.4185 2.4505 -0.1333
65 4 49 -0.52 28.9837 1.3739 0.2615
66 4 36 -0.6959 28.9137 3.7027 0.1751
67 4 5 0.2852 27.7879 3.9816 0.9901
68 4 5 -0.1311 27.0493 3.0072 1.6609
69 4 5 -0.1596 25.9099 3.3543 2.3993
70 4 5 0.29 25.5142 4.6835 2.5288
71 4 5 -0.1572 26.2394 5.6578 1.8425
72 4 5 -0.1551 27.3769 5.3151 1.0964
73 4 5 -0.0597 31.4895 3.4477 -1.2426
74 4 22 0.183033 33.4418 1.8912 -3.5614
75 4 22 0.198433 30.1102 0.3853 -1.6975
76 4 26 0.323233 29.3156 4.5091 -0.2828
77 4 24 0.231733 27.311 1.9548 1.6171
78 4 24 0.200133 25.3323 2.5612 2.8682
79 4 26 0.337933 23.9739 4.3187 3.8097
80 4 24 0.197333 25.9189 6.6954 1.8709
81 4 24 0.196433 27.9122 6.109 0.5832
82 4 24 0.206933 31.4121 4.364 -0.6637
83 5 36 -0.7929 36.1531 4.999 3.124
84 5 1 0.2785 45.3662 4.4177 -2.3861
85 5 49 -0.4727 45.1841 5.4355 -1.7172
86 5 5 -0.0315 44.4097 3.2995 -2.1596
87 5 5 0.0644 44.5169 2.0949 -2.8428
88 5 42 -0.3533 43.6574 1.0619 -2.6802
89 5 5 0.0985 42.6429 1.2391 -1.7965
90 5 5 -0.0816 42.4396 2.4064 -1.0657
91 5 1 0.5188 41.2828 2.4505 -0.1333
92 5 49 -0.52 40.848 1.3739 0.2615
93 5 36 -0.6959 40.778 3.7027 0.1751
94 5 5 0.2852 39.6522 3.9816 0.9901
95 5 5 -0.1311 38.9136 3.0072 1.6609
96 5 5 -0.1596 37.7742 3.3543 2.3993
97 5 5 0.29 37.3785 4.6835 2.5288
98 5 5 -0.1572 38.1037 5.6578 1.8425
99 5 5 -0.1551 39.2412 5.3151 1.0964
100 5 5 -0.0597 43.3538 3.4477 -1.2426
101 5 22 0.183033 45.3061 1.8912 -3.5614
102 5 22 0.198433 41.9745 0.3853 -1.6975
103 5 26 0.323233 41.1799 4.5091 -0.2828
104 5 24 0.231733 39.1753 1.9548 1.6171
105 5 24 0.200133 37.196600000000004 2.5612 2.8682
106 5 26 0.337933 35.8382 4.3187 3.8097
107 5 24 0.197333 37.7832 6.6954 1.8709
108 5 24 0.196433 39.7765 6.109 0.5832
109 5 24 0.206933 43.2764 4.364 -0.6637
110 6 36 -0.8004 48.1748 -2.5971 0.5926
111 6 1 0.2702 57.958600000000004 2.6958 5.4732
112 6 49 -0.5255 54.1019 0.0745 1.1114
113 6 1 0.5056 53.8966 0.0453 2.3195
114 6 36 -0.7051 52.83 -0.5512 2.9701
115 6 5 0.2847 51.7227 -1.1637 2.3447
116 6 5 -0.1359 51.601 -1.282 0.9614
117 6 5 -0.164 50.4405 -1.7992 0.3874
118 6 5 0.2878 49.3957 -2.2607 1.1829
119 6 5 -0.1622 49.5127 -2.1435 2.5696
120 6 5 -0.1629 50.6769 -1.6231 3.1516
121 6 5 -0.0434 54.9066 0.7035 3.181
122 6 5 -0.073 56.2257 0.7385 2.7107
123 6 5 -0.1135 57.2222 1.3787 3.446
124 6 5 0.0058 56.9099 1.9997 4.6614
125 6 49 -0.4764 57.595 3.2134 6.5249
126 6 5 -0.0817 55.5766 1.9754 5.1234
127 6 5 -0.1004 54.5782 1.3365 4.384
128 6 26 0.31233 52.815 -0.5369 3.981
129 6 24 0.22553 52.3793 -0.9547 0.2822
130 6 24 0.19193 50.3647 -1.8175 -0.6961
131 6 26 0.33023 48.2616 -2.9124 -0.3689
132 6 24 0.18823 48.6866 -2.4379 3.2112
133 6 24 0.18553 50.7275 -1.5488 4.2343
134 6 24 0.19553 56.4775 0.2743 1.758
135 6 24 0.18303 58.2278 1.3838 3.0364
136 6 24 0.20153 55.3108 2.4747 6.054
137 6 24 0.17643 53.5518 1.3785 4.7386
138 7 36 -0.8004 60.1748 -2.5971 0.5926
139 7 1 0.2702 69.9586 2.6958 5.4732
140 7 49 -0.5255 66.1019 0.0745 1.1114
141 7 1 0.5056 65.8966 0.0453 2.3195
142 7 36 -0.7051 64.83 -0.5512 2.9701
143 7 5 0.2847 63.7227 -1.1637 2.3447
144 7 5 -0.1359 63.601 -1.282 0.9614
145 7 5 -0.164 62.4405 -1.7992 0.3874
146 7 5 0.2878 61.3957 -2.2607 1.1829
147 7 5 -0.1622 61.5127 -2.1435 2.5696
148 7 5 -0.1629 62.6769 -1.6231 3.1516
149 7 5 -0.0434 66.9066 0.7035 3.181
150 7 5 -0.073 68.2257 0.7385 2.7107
151 7 5 -0.1135 69.2222 1.3787 3.446
152 7 5 0.0058 68.9099 1.9997 4.6614
153 7 49 -0.4764 69.595 3.2134 6.5249
154 7 5 -0.0817 67.5766 1.9754 5.1234
155 7 5 -0.1004 66.5782 1.3365 4.384
156 7 26 0.31233 64.815 -0.5369 3.981
157 7 24 0.22553 64.3793 -0.9547 0.2822
158 7 24 0.19193 62.3647 -1.8175 -0.6961
159 7 26 0.33023 60.2616 -2.9124 -0.3689
160 7 24 0.18823 60.6866 -2.4379 3.2112
161 7 24 0.18553 62.7275 -1.5488 4.2343
162 7 24 0.19553 68.4775 0.2743 1.758
163 7 24 0.18303 70.2278 1.3838 3.0364
164 7 24 0.20153 67.3108 2.4747 6.054
165 7 24 0.17643 65.5518 1.3785 4.7386
166 8 36 -0.8004 72.1748 -2.5971 0.5926
167 8 1 0.2702 81.9586 2.6958 5.4732
168 8 49 -0.5255 78.1019 0.0745 1.1114
169 8 1 0.5056 77.8966 0.0453 2.3195
170 8 36 -0.7051 76.83 -0.5512 2.9701
171 8 5 0.2847 75.7227 -1.1637 2.3447
172 8 5 -0.1359 75.601 -1.282 0.9614
173 8 5 -0.164 74.4405 -1.7992 0.3874
174 8 5 0.2878 73.3957 -2.2607 1.1829
175 8 5 -0.1622 73.5127 -2.1435 2.5696
176 8 5 -0.1629 74.6769 -1.6231 3.1516
177 8 5 -0.0434 78.9066 0.7035 3.181
178 8 5 -0.073 80.2257 0.7385 2.7107
179 8 5 -0.1135 81.2222 1.3787 3.446
180 8 5 0.0058 80.9099 1.9997 4.6614
181 8 49 -0.4764 81.595 3.2134 6.5249
182 8 5 -0.0817 79.5766 1.9754 5.1234
183 8 5 -0.1004 78.5782 1.3365 4.384
184 8 26 0.31233 76.815 -0.5369 3.981
185 8 24 0.22553 76.3793 -0.9547 0.2822
186 8 24 0.19193 74.3647 -1.8175 -0.6961
187 8 26 0.33023 72.2616 -2.9124 -0.3689
188 8 24 0.18823 72.6866 -2.4379 3.2112
189 8 24 0.18553 74.7275 -1.5488 4.2343
190 8 24 0.19553 80.4775 0.2743 1.758
191 8 24 0.18303 82.2278 1.3838 3.0364
192 8 24 0.20153 79.3108 2.4747 6.054
193 8 24 0.17643 77.5518 1.3785 4.7386
194 9 36 -0.7929 84.0174 4.999 3.124
195 9 1 0.2785 93.2305 4.4177 -2.3861
196 9 49 -0.4727 93.0484 5.4355 -1.7172
197 9 5 -0.0315 92.274 3.2995 -2.1596
198 9 5 0.0644 92.3812 2.0949 -2.8428
199 9 42 -0.3533 91.5217 1.0619 -2.6802
200 9 5 0.0985 90.5072 1.2391 -1.7965
201 9 5 -0.0816 90.3039 2.4064 -1.0657
202 9 1 0.5188 89.1471 2.4505 -0.1333
203 9 49 -0.52 88.7123 1.3739 0.2615
204 9 36 -0.6959 88.6423 3.7027 0.1751
205 9 5 0.2852 87.5165 3.9816 0.9901
206 9 5 -0.1311 86.7779 3.0072 1.6609
207 9 5 -0.1596 85.6385 3.3543 2.3993
208 9 5 0.29 85.2428 4.6835 2.5288
209 9 5 -0.1572 85.968 5.6578 1.8425
210 9 5 -0.1551 87.1055 5.3151 1.0964
211 9 5 -0.0597 91.2181 3.4477 -1.2426
212 9 22 0.183033 93.1704 1.8912 -3.5614
213 9 22 0.198433 89.8388 0.3853 -1.6975
214 9 26 0.323233 89.0442 4.5091 -0.2828
215 9 24 0.231733 87.03960000000001 1.9548 1.6171
216 9 24 0.200133 85.0609 2.5612 2.8682
217 9 26 0.337933 83.7025 4.3187 3.8097
218 9 24 0.197333 85.6475 6.6954 1.8709
219 9 24 0.196433 87.6408 6.109 0.5832
220 9 24 0.206933 91.1407 4.364 -0.6637
221 10 36 -0.7929 95.8817 4.999 3.124
222 10 1 0.2785 105.0948 4.4177 -2.3861
223 10 49 -0.4727 104.9127 5.4355 -1.7172
224 10 5 -0.0315 104.1383 3.2995 -2.1596
225 10 5 0.0644 104.24549999999999 2.0949 -2.8428
226 10 42 -0.3533 103.386 1.0619 -2.6802
227 10 5 0.0985 102.3715 1.2391 -1.7965
228 10 5 -0.0816 102.1682 2.4064 -1.0657
229 10 1 0.5188 101.0114 2.4505 -0.1333
230 10 49 -0.52 100.5766 1.3739 0.2615
231 10 36 -0.6959 100.5066 3.7027 0.1751
232 10 5 0.2852 99.3808 3.9816 0.9901
233 10 5 -0.1311 98.6422 3.0072 1.6609
234 10 5 -0.1596 97.5028 3.3543 2.3993
235 10 5 0.29 97.1071 4.6835 2.5288
236 10 5 -0.1572 97.8323 5.6578 1.8425
237 10 5 -0.1551 98.9698 5.3151 1.0964
238 10 5 -0.0597 103.0824 3.4477 -1.2426
239 10 22 0.183033 105.0347 1.8912 -3.5614
240 10 22 0.198433 101.7031 0.3853 -1.6975
241 10 26 0.323233 100.9085 4.5091 -0.2828
242 10 24 0.231733 98.9039 1.9548 1.6171
243 10 24 0.200133 96.9252 2.5612 2.8682
244 10 26 0.337933 95.5668 4.3187 3.8097
245 10 24 0.197333 97.5118 6.6954 1.8709
246 10 24 0.196433 99.5051 6.109 0.5832
247 10 24 0.206933 103.005 4.364 -0.6637
248 11 36 -0.8004 107.90390000000001 -2.5971 0.5926
249 11 1 0.2702 117.6877 2.6958 5.4732
250 11 49 -0.5255 113.831 0.0745 1.1114
251 11 1 0.5056 113.62570000000001 0.0453 2.3195
252 11 36 -0.7051 112.5591 -0.5512 2.9701
253 11 5 0.2847 111.4518 -1.1637 2.3447
254 11 5 -0.1359 111.3301 -1.282 0.9614
255 11 5 -0.164 110.1696 -1.7992 0.3874
256 11 5 0.2878 109.12480000000001 -2.2607 1.1829
257 11 5 -0.1622 109.2418 -2.1435 2.5696
258 11 5 -0.1629 110.406 -1.6231 3.1516
259 11 5 -0.0434 114.6357 0.7035 3.181
260 11 5 -0.073 115.9548 0.7385 2.7107
261 11 5 -0.1135 116.9513 1.3787 3.446
262 11 5 0.0058 116.63900000000001 1.9997 4.6614
263 11 49 -0.4764 117.3241 3.2134 6.5249
264 11 5 -0.0817 115.3057 1.9754 5.1234
265 11 5 -0.1004 114.3073 1.3365 4.384
266 11 26 0.31233 112.5441 -0.5369 3.981
267 11 24 0.22553 112.1084 -0.9547 0.2822
268 11 24 0.19193 110.0938 -1.8175 -0.6961
269 11 26 0.33023 107.9907 -2.9124 -0.3689
270 11 24 0.18823 108.4157 -2.4379 3.2112
271 11 24 0.18553 110.45660000000001 -1.5488 4.2343
272 11 24 0.19553 116.20660000000001 0.2743 1.758
273 11 24 0.18303 117.9569 1.3838 3.0364
274 11 24 0.20153 115.0399 2.4747 6.054
275 11 24 0.17643 113.2809 1.3785 4.7386
276 12 36 -0.7929 0.4245 44.999 3.124
277 12 1 0.2785 9.6376 44.417699999999996 -2.3861
278 12 49 -0.4727 9.4555 45.4355 -1.7172
279 12 5 -0.0315 8.6811 43.2995 -2.1596
280 12 5 0.0644 8.7883 42.0949 -2.8428
281 12 42 -0.3533 7.9288 41.0619 -2.6802
282 12 5 0.0985 6.9143 41.2391 -1.7965
283 12 5 -0.0816 6.711 42.4064 -1.0657
284 12 1 0.5188 5.5542 42.4505 -0.1333
285 12 49 -0.52 5.1194 41.3739 0.2615
286 12 36 -0.6959 5.0494 43.7027 0.1751
287 12 5 0.2852 3.9236 43.9816 0.9901
288 12 5 -0.1311 3.185 43.0072 1.6609
289 12 5 -0.1596 2.0456 43.3543 2.3993
290 12 5 0.29 1.6499 44.6835 2.5288
291 12 5 -0.1572 2.3751 45.6578 1.8425
292 12 5 -0.1551 3.5126 45.3151 1.0964
293 12 5 -0.0597 7.6252 43.4477 -1.2426
294 12 22 0.183033 9.5775 41.8912 -3.5614
295 12 22 0.198433 6.2459 40.3853 -1.6975
296 12 26 0.323233 5.4513 44.509100000000004 -0.2828
297 12 24 0.231733 3.4467 41.9548 1.6171
298 12 24 0.200133 1.468 42.5612 2.8682
299 12 26 0.337933 0.1096 44.3187 3.8097
300 12 24 0.197333 2.0546 46.6954 1.8709
301 12 24 0.196433 4.0479 46.109 0.5832
302 12 24 0.206933 7.5478 44.364 -0.6637
303 13 36 -0.7929 12.2888 44.999 3.124
304 13 1 0.2785 21.5019 44.417699999999996 -2.3861
305 13 49 -0.4727 21.3198 45.4355 -1.7172
306 13 5 -0.0315 20.5454 43.2995 -2.1596
307 13 5 0.0644 20.6526 42.0949 -2.8428
308 13 42 -0.3533 19.7931 41.0619 -2.6802
309 13 5 0.0985 18.7786 41.2391 -1.7965
310 13 5 -0.0816 18.5753 42.4064 -1.0657
311 13 1 0.5188 17.4185 42.4505 -0.1333
312 13 49 -0.52 16.9837 41.3739 0.2615
313 13 36 -0.6959 16.9137 43.7027 0.1751
314 13 5 0.2852 15.7879 43.9816 0.9901
315 13 5 -0.1311 15.0493 43.0072 1.6609
316 13 5 -0.1596 13.9099 43.3543 2.3993
317 13 5 0.29 13.5142 44.6835 2.5288
318 13 5 -0.1572 14.2394 45.6578 1.8425
319 13 5 -0.1551 15.3769 45.3151 1.0964
320 13 5 -0.0597 19.4895 43.4477 -1.2426
321 13 22 0.183033 21.4418 41.8912 -3.5614
322 13 22 0.198433 18.1102 40.3853 -1.6975
323 13 26 0.323233 17.3156 44.509100000000004 -0.2828
324 13 24 0.231733 15.311 41.9548 1.6171
325 13 24 0.200133 13.3323 42.5612 2.8682
326 13 26 0.337933 11.9739 44.3187 3.8097
327 13 24 0.197333 13.9189 46.6954 1.8709
328 13 24 0.196433 15.9122 46.109 0.5832
329 13 24 0.206933 19.4121 44.364 -0.6637
330 14 36 -0.7929 24.1531 44.999 3.124
331 14 1 0.2785 33.3662 44.417699999999996 -2.3861
332 14 49 -0.4727 33.1841 45.4355 -1.7172
333 14 5 -0.0315 32.4097 43.2995 -2.1596
334 14 5 0.0644 32.5169 42.0949 -2.8428
335 14 42 -0.3533 31.6574 41.0619 -2.6802
336 14 5 0.0985 30.6429 41.2391 -1.7965
337 14 5 -0.0816 30.4396 42.4064 -1.0657
338 14 1 0.5188 29.2828 42.4505 -0.1333
339 14 49 -0.52 28.848 41.3739 0.2615
340 14 36 -0.6959 28.778 43.7027 0.1751
341 14 5 0.2852 27.6522 43.9816 0.9901
342 14 5 -0.1311 26.9136 43.0072 1.6609
343 14 5 -0.1596 25.7742 43.3543 2.3993
344 14 5 0.29 25.3785 44.6835 2.5288
345 14 5 -0.1572 26.1037 45.6578 1.8425
346 14 5 -0.1551 27.2412 45.3151 1.0964
347 14 5 -0.0597 31.3538 43.4477 -1.2426
348 14 22 0.183033 33.3061 41.8912 -3.5614
349 14 22 0.198433 29.9745 40.3853 -1.6975
350 14 26 0.323233 29.1799 44.509100000000004 -0.2828
351 14 24 0.231733 27.1753 41.9548 1.6171
352 14 24 0.200133 25.1966 42.5612 2.8682
353 14 26 0.337933 23.8382 44.3187 3.8097
354 14 24 0.197333 25.7832 46.6954 1.8709
355 14 24 0.196433 27.7765 46.109 0.5832
356 14 24 0.206933 31.2764 44.364 -0.6637
357 15 36 -0.7929 36.0174 44.999 3.124
358 15 1 0.2785 45.2305 44.417699999999996 -2.3861
359 15 49 -0.4727 45.0484 45.4355 -1.7172
360 15 5 -0.0315 44.274 43.2995 -2.1596
361 15 5 0.0644 44.3812 42.0949 -2.8428
362 15 42 -0.3533 43.5217 41.0619 -2.6802
363 15 5 0.0985 42.5072 41.2391 -1.7965
364 15 5 -0.0816 42.3039 42.4064 -1.0657
365 15 1 0.5188 41.1471 42.4505 -0.1333
366 15 49 -0.52 40.7123 41.3739 0.2615
367 15 36 -0.6959 40.6423 43.7027 0.1751
368 15 5 0.2852 39.5165 43.9816 0.9901
369 15 5 -0.1311 38.7779 43.0072 1.6609
370 15 5 -0.1596 37.6385 43.3543 2.3993
371 15 5 0.29 37.2428 44.6835 2.5288
372 15 5 -0.1572 37.968 45.6578 1.8425
373 15 5 -0.1551 39.1055 45.3151 1.0964
374 15 5 -0.0597 43.2181 43.4477 -1.2426
375 15 22 0.183033 45.1704 41.8912 -3.5614
376 15 22 0.198433 41.8388 40.3853 -1.6975
377 15 26 0.323233 41.044200000000004 44.509100000000004 -0.2828
378 15 24 0.231733 39.0396 41.9548 1.6171
379 15 24 0.200133 37.060900000000004 42.5612 2.8682
380 15 26 0.337933 35.7025 44.3187 3.8097
381 15 24 0.197333 37.6475 46.6954 1.8709
382 15 24 0.196433 39.6408 46.109 0.5832
383 15 24 0.206933 43.1407 44.364 -0.6637
384 16 36 -0.8004 48.0391 37.4029 0.5926
385 16 1 0.2702 57.822900000000004 42.6958 5.4732
386 16 49 -0.5255 53.9662 40.0745 1.1114
387 16 1 0.5056 53.7609 40.0453 2.3195
388 16 36 -0.7051 52.6943 39.4488 2.9701
389 16 5 0.2847 51.587 38.8363 2.3447
390 16 5 -0.1359 51.4653 38.718 0.9614
391 16 5 -0.164 50.3048 38.2008 0.3874
392 16 5 0.2878 49.26 37.7393 1.1829
393 16 5 -0.1622 49.377 37.8565 2.5696
394 16 5 -0.1629 50.5412 38.3769 3.1516
395 16 5 -0.0434 54.7709 40.7035 3.181
396 16 5 -0.073 56.09 40.7385 2.7107
397 16 5 -0.1135 57.0865 41.3787 3.446
398 16 5 0.0058 56.7742 41.9997 4.6614
399 16 49 -0.4764 57.4593 43.2134 6.5249
400 16 5 -0.0817 55.4409 41.9754 5.1234
401 16 5 -0.1004 54.4425 41.3365 4.384
402 16 26 0.31233 52.6793 39.4631 3.981
403 16 24 0.22553 52.2436 39.0453 0.2822
404 16 24 0.19193 50.229 38.1825 -0.6961
405 16 26 0.33023 48.1259 37.0876 -0.3689
406 16 24 0.18823 48.5509 37.5621 3.2112
407 16 24 0.18553 50.5918 38.4512 4.2343
408 16 24 0.19553 56.3418 40.2743 1.758
409 16 24 0.18303 58.0921 41.3838 3.0364
410 16 24 0.20153 55.1751 42.4747 6.054
411 16 24 0.17643 53.4161 41.3785 4.7386
412 17 36 -0.8004 60.0391 37.4029 0.5926
413 17 1 0.2702 69.8229 42.6958 5.4732
414 17 49 -0.5255 65.9662 40.0745 1.1114
415 17 1 0.5056 65.7609 40.0453 2.3195
416 17 36 -0.7051 64.6943 39.4488 2.9701
417 17 5 0.2847 63.587 38.8363 2.3447
418 17 5 -0.1359 63.4653 38.718 0.9614
419 17 5 -0.164 62.3048 38.2008 0.3874
420 17 5 0.2878 61.26 37.7393 1.1829
421 17 5 -0.1622 61.377 37.8565 2.5696
422 17 5 -0.1629 62.5412 38.3769 3.1516
423 17 5 -0.0434 66.7709 40.7035 3.181
424 17 5 -0.073 68.09 40.7385 2.7107
425 17 5 -0.1135 69.0865 41.3787 3.446
426 17 5 0.0058 68.77420000000001 41.9997 4.6614
427 17 49 -0.4764 69.4593 43.2134 6.5249
428 17 5 -0.0817 67.4409 41.9754 5.1234
429 17 5 -0.1004 66.4425 41.3365 4.384
430 17 26 0.31233 64.6793 39.4631 3.981
431 17 24 0.22553 64.2436 39.0453 0.2822
432 17 24 0.19193 62.229 38.1825 -0.6961
433 17 26 0.33023 60.1259 37.0876 -0.3689
434 17 24 0.18823 60.5509 37.5621 3.2112
435 17 24 0.18553 62.5918 38.4512 4.2343
436 17 24 0.19553 68.3418 40.2743 1.758
437 17 24 0.18303 70.0921 41.3838 3.0364
438 17 24 0.20153 67.1751 42.4747 6.054
439 17 24 0.17643 65.4161 41.3785 4.7386
440 18 36 -0.8004 72.0391 37.4029 0.5926
441 18 1 0.2702 81.8229 42.6958 5.4732
442 18 49 -0.5255 77.9662 40.0745 1.1114
443 18 1 0.5056 77.7609 40.0453 2.3195
444 18 36 -0.7051 76.6943 39.4488 2.9701
445 18 5 0.2847 75.587 38.8363 2.3447
446 18 5 -0.1359 75.4653 38.718 0.9614
447 18 5 -0.164 74.3048 38.2008 0.3874
448 18 5 0.2878 73.26 37.7393 1.1829
449 18 5 -0.1622 73.377 37.8565 2.5696
450 18 5 -0.1629 74.5412 38.3769 3.1516
451 18 5 -0.0434 78.7709 40.7035 3.181
452 18 5 -0.073 80.09 40.7385 2.7107
453 18 5 -0.1135 81.0865 41.3787 3.446
454 18 5 0.0058 80.77420000000001 41.9997 4.6614
455 18 49 -0.4764 81.4593 43.2134 6.5249
456 18 5 -0.0817 79.4409 41.9754 5.1234
457 18 5 -0.1004 78.4425 41.3365 4.384
458 18 26 0.31233 76.6793 39.4631 3.981
459 18 24 0.22553 76.2436 39.0453 0.2822
460 18 24 0.19193 74.229 38.1825 -0.6961
461 18 26 0.33023 72.1259 37.0876 -0.3689
462 18 24 0.18823 72.5509 37.5621 3.2112
463 18 24 0.18553 74.5918 38.4512 4.2343
464 18 24 0.19553 80.3418 40.2743 1.758
465 18 24 0.18303 82.0921 41.3838 3.0364
466 18 24 0.20153 79.1751 42.4747 6.054
467 18 24 0.17643 77.4161 41.3785 4.7386
468 19 36 -0.7929 83.8817 44.999 3.124
469 19 1 0.2785 93.0948 44.417699999999996 -2.3861
470 19 49 -0.4727 92.9127 45.4355 -1.7172
471 19 5 -0.0315 92.1383 43.2995 -2.1596
472 19 5 0.0644 92.24549999999999 42.0949 -2.8428
473 19 42 -0.3533 91.386 41.0619 -2.6802
474 19 5 0.0985 90.3715 41.2391 -1.7965
475 19 5 -0.0816 90.1682 42.4064 -1.0657
476 19 1 0.5188 89.0114 42.4505 -0.1333
477 19 49 -0.52 88.5766 41.3739 0.2615
478 19 36 -0.6959 88.5066 43.7027 0.1751
479 19 5 0.2852 87.3808 43.9816 0.9901
480 19 5 -0.1311 86.6422 43.0072 1.6609
481 19 5 -0.1596 85.5028 43.3543 2.3993
482 19 5 0.29 85.1071 44.6835 2.5288
483 19 5 -0.1572 85.8323 45.6578 1.8425
484 19 5 -0.1551 86.9698 45.3151 1.0964
485 19 5 -0.0597 91.0824 43.4477 -1.2426
486 19 22 0.183033 93.0347 41.8912 -3.5614
487 19 22 0.198433 89.7031 40.3853 -1.6975
488 19 26 0.323233 88.9085 44.509100000000004 -0.2828
489 19 24 0.231733 86.9039 41.9548 1.6171
490 19 24 0.200133 84.9252 42.5612 2.8682
491 19 26 0.337933 83.5668 44.3187 3.8097
492 19 24 0.197333 85.5118 46.6954 1.8709
493 19 24 0.196433 87.5051 46.109 0.5832
494 19 24 0.206933 91.005 44.364 -0.6637
495 20 36 -0.8004 95.9034 37.4029 0.5926
496 20 1 0.2702 105.6872 42.6958 5.4732
497 20 49 -0.5255 101.8305 40.0745 1.1114
498 20 1 0.5056 101.6252 40.0453 2.3195
499 20 36 -0.7051 100.5586 39.4488 2.9701
500 20 5 0.2847 99.4513 38.8363 2.3447
501 20 5 -0.1359 99.3296 38.718 0.9614
502 20 5 -0.164 98.1691 38.2008 0.3874
503 20 5 0.2878 97.1243 37.7393 1.1829
504 20 5 -0.1622 97.2413 37.8565 2.5696
505 20 5 -0.1629 98.4055 38.3769 3.1516
506 20 5 -0.0434 102.6352 40.7035 3.181
507 20 5 -0.073 103.9543 40.7385 2.7107
508 20 5 -0.1135 104.9508 41.3787 3.446
509 20 5 0.0058 104.6385 41.9997 4.6614
510 20 49 -0.4764 105.3236 43.2134 6.5249
511 20 5 -0.0817 103.3052 41.9754 5.1234
512 20 5 -0.1004 102.3068 41.3365 4.384
513 20 26 0.31233 100.5436 39.4631 3.981
514 20 24 0.22553 100.1079 39.0453 0.2822
515 20 24 0.19193 98.0933 38.1825 -0.6961
516 20 26 0.33023 95.9902 37.0876 -0.3689
517 20 24 0.18823 96.4152 37.5621 3.2112
518 20 24 0.18553 98.4561 38.4512 4.2343
519 20 24 0.19553 104.2061 40.2743 1.758
520 20 24 0.18303 105.9564 41.3838 3.0364
521 20 24 0.20153 103.0394 42.4747 6.054
522 20 24 0.17643 101.2804 41.3785 4.7386
523 21 36 -0.8004 107.90390000000001 37.4029 0.5926
524 21 1 0.2702 117.6877 42.6958 5.4732
525 21 49 -0.5255 113.831 40.0745 1.1114
526 21 1 0.5056 113.62570000000001 40.0453 2.3195
527 21 36 -0.7051 112.5591 39.4488 2.9701
528 21 5 0.2847 111.4518 38.8363 2.3447
529 21 5 -0.1359 111.3301 38.718 0.9614
530 21 5 -0.164 110.1696 38.2008 0.3874
531 21 5 0.2878 109.12480000000001 37.7393 1.1829
532 21 5 -0.1622 109.2418 37.8565 2.5696
533 21 5 -0.1629 110.406 38.3769 3.1516
534 21 5 -0.0434 114.6357 40.7035 3.181
535 21 5 -0.073 115.9548 40.7385 2.7107
536 21 5 -0.1135 116.9513 41.3787 3.446
537 21 5 0.0058 116.63900000000001 41.9997 4.6614
538 21 49 -0.4764 117.3241 43.2134 6.5249
539 21 5 -0.0817 115.3057 41.9754 5.1234
540 21 5 -0.1004 114.3073 41.3365 4.384
541 21 26 0.31233 112.5441 39.4631 3.981
542 21 24 0.22553 112.1084 39.0453 0.2822
543 21 24 0.19193 110.0938 38.1825 -0.6961
544 21 26 0.33023 107.9907 37.0876 -0.3689
545 21 24 0.18823 108.4157 37.5621 3.2112
546 21 24 0.18553 110.45660000000001 38.4512 4.2343
547 21 24 0.19553 116.20660000000001 40.2743 1.758
548 21 24 0.18303 117.9569 41.3838 3.0364
549 21 24 0.20153 115.0399 42.4747 6.054
550 21 24 0.17643 113.2809 41.3785 4.7386
551 22 36 -0.8004 0.5819 77.4029 0.5926
552 22 1 0.2702 10.3657 82.6958 5.4732
553 22 49 -0.5255 6.509 80.0745 1.1114
554 22 1 0.5056 6.3037 80.0453 2.3195
555 22 36 -0.7051 5.2371 79.4488 2.9701
556 22 5 0.2847 4.1298 78.8363 2.3447
557 22 5 -0.1359 4.0081 78.718 0.9614
558 22 5 -0.164 2.8476 78.2008 0.3874
559 22 5 0.2878 1.8028 77.7393 1.1829
560 22 5 -0.1622 1.9198 77.8565 2.5696
561 22 5 -0.1629 3.084 78.3769 3.1516
562 22 5 -0.0434 7.3137 80.7035 3.181
563 22 5 -0.073 8.6328 80.7385 2.7107
564 22 5 -0.1135 9.6293 81.3787 3.446
565 22 5 0.0058 9.317 81.9997 4.6614
566 22 49 -0.4764 10.0021 83.21340000000001 6.5249
567 22 5 -0.0817 7.9837 81.9754 5.1234
568 22 5 -0.1004 6.9853 81.3365 4.384
569 22 26 0.31233 5.2221 79.4631 3.981
570 22 24 0.22553 4.7864 79.0453 0.2822
571 22 24 0.19193 2.7718 78.1825 -0.6961
572 22 26 0.33023 0.6687 77.0876 -0.3689
573 22 24 0.18823 1.0937 77.5621 3.2112
574 22 24 0.18553 3.1346 78.4512 4.2343
575 22 24 0.19553 8.8846 80.2743 1.758
576 22 24 0.18303 10.6349 81.3838 3.0364
577 22 24 0.20153 7.7179 82.4747 6.054
578 22 24 0.17643 5.9589 81.3785 4.7386
579 23 36 -0.8004 12.5819 77.4029 0.5926
580 23 1 0.2702 22.3657 82.6958 5.4732
581 23 49 -0.5255 18.509 80.0745 1.1114
582 23 1 0.5056 18.3037 80.0453 2.3195
583 23 36 -0.7051 17.237099999999998 79.4488 2.9701
584 23 5 0.2847 16.1298 78.8363 2.3447
585 23 5 -0.1359 16.0081 78.718 0.9614
586 23 5 -0.164 14.8476 78.2008 0.3874
587 23 5 0.2878 13.8028 77.7393 1.1829
588 23 5 -0.1622 13.9198 77.8565 2.5696
589 23 5 -0.1629 15.084 78.3769 3.1516
590 23 5 -0.0434 19.3137 80.7035 3.181
591 23 5 -0.073 20.6328 80.7385 2.7107
592 23 5 -0.1135 21.6293 81.3787 3.446
593 23 5 0.0058 21.317 81.9997 4.6614
594 23 49 -0.4764 22.0021 83.21340000000001 6.5249
595 23 5 -0.0817 19.9837 81.9754 5.1234
596 23 5 -0.1004 18.9853 81.3365 4.384
597 23 26 0.31233 17.2221 79.4631 3.981
598 23 24 0.22553 16.7864 79.0453 0.2822
599 23 24 0.19193 14.771799999999999 78.1825 -0.6961
600 23 26 0.33023 12.6687 77.0876 -0.3689
601 23 24 0.18823 13.0937 77.5621 3.2112
602 23 24 0.18553 15.134599999999999 78.4512 4.2343
603 23 24 0.19553 20.8846 80.2743 1.758
604 23 24 0.18303 22.634900000000002 81.3838 3.0364
605 23 24 0.20153 19.7179 82.4747 6.054
606 23 24 0.17643 17.9589 81.3785 4.7386
607 24 36 -0.7929 24.4245 84.999 3.124
608 24 1 0.2785 33.6376 84.4177 -2.3861
609 24 49 -0.4727 33.4555 85.4355 -1.7172
610 24 5 -0.0315 32.6811 83.2995 -2.1596
611 24 5 0.0644 32.7883 82.0949 -2.8428
612 24 42 -0.3533 31.9288 81.0619 -2.6802
613 24 5 0.0985 30.9143 81.2391 -1.7965
614 24 5 -0.0816 30.711 82.4064 -1.0657
615 24 1 0.5188 29.5542 82.4505 -0.1333
616 24 49 -0.52 29.1194 81.3739 0.2615
617 24 36 -0.6959 29.0494 83.7027 0.1751
618 24 5 0.2852 27.9236 83.9816 0.9901
619 24 5 -0.1311 27.185 83.0072 1.6609
620 24 5 -0.1596 26.0456 83.3543 2.3993
621 24 5 0.29 25.6499 84.6835 2.5288
622 24 5 -0.1572 26.3751 85.6578 1.8425
623 24 5 -0.1551 27.5126 85.3151 1.0964
624 24 5 -0.0597 31.6252 83.4477 -1.2426
625 24 22 0.183033 33.5775 81.8912 -3.5614
626 24 22 0.198433 30.2459 80.3853 -1.6975
627 24 26 0.323233 29.4513 84.5091 -0.2828
628 24 24 0.231733 27.4467 81.9548 1.6171
629 24 24 0.200133 25.468 82.5612 2.8682
630 24 26 0.337933 24.1096 84.3187 3.8097
631 24 24 0.197333 26.0546 86.6954 1.8709
632 24 24 0.196433 28.0479 86.109 0.5832
633 24 24 0.206933 31.5478 84.364 -0.6637
634 25 36 -0.7929 36.2888 84.999 3.124
635 25 1 0.2785 45.5019 84.4177 -2.3861
636 25 49 -0.4727 45.3198 85.4355 -1.7172
637 25 5 -0.0315 44.5454 83.2995 -2.1596
638 25 5 0.0644 44.6526 82.0949 -2.8428
639 25 42 -0.3533 43.7931 81.0619 -2.6802
640 25 5 0.0985 42.7786 81.2391 -1.7965
641 25 5 -0.0816 42.5753 82.4064 -1.0657
642 25 1 0.5188 41.4185 82.4505 -0.1333
643 25 49 -0.52 40.9837 81.3739 0.2615
644 25 36 -0.6959 40.9137 83.7027 0.1751
645 25 5 0.2852 39.7879 83.9816 0.9901
646 25 5 -0.1311 39.0493 83.0072 1.6609
647 25 5 -0.1596 37.9099 83.3543 2.3993
648 25 5 0.29 37.5142 84.6835 2.5288
649 25 5 -0.1572 38.2394 85.6578 1.8425
650 25 5 -0.1551 39.3769 85.3151 1.0964
651 25 5 -0.0597 43.4895 83.4477 -1.2426
652 25 22 0.183033 45.4418 81.8912 -3.5614
653 25 22 0.198433 42.1102 80.3853 -1.6975
654 25 26 0.323233 41.3156 84.5091 -0.2828
655 25 24 0.231733 39.311 81.9548 1.6171
656 25 24 0.200133 37.332300000000004 82.5612 2.8682
657 25 26 0.337933 35.9739 84.3187 3.8097
658 25 24 0.197333 37.9189 86.6954 1.8709
659 25 24 0.196433 39.9122 86.109 0.5832
660 25 24 0.206933 43.4121 84.364 -0.6637
661 26 36 -0.8004 48.3105 77.4029 0.5926
662 26 1 0.2702 58.094300000000004 82.6958 5.4732
663 26 49 -0.5255 54.2376 80.0745 1.1114
664 26 1 0.5056 54.0323 80.0453 2.3195
665 26 36 -0.7051 52.9657 79.4488 2.9701
666 26 5 0.2847 51.8584 78.8363 2.3447
667 26 5 -0.1359 51.7367 78.718 0.9614
668 26 5 -0.164 50.5762 78.2008 0.3874
669 26 5 0.2878 49.5314 77.7393 1.1829
670 26 5 -0.1622 49.6484 77.8565 2.5696
671 26 5 -0.1629 50.8126 78.3769 3.1516
672 26 5 -0.0434 55.0423 80.7035 3.181
673 26 5 -0.073 56.3614 80.7385 2.7107
674 26 5 -0.1135 57.3579 81.3787 3.446
675 26 5 0.0058 57.0456 81.9997 4.6614
676 26 49 -0.4764 57.7307 83.21340000000001 6.5249
677 26 5 -0.0817 55.7123 81.9754 5.1234
678 26 5 -0.1004 54.7139 81.3365 4.384
679 26 26 0.31233 52.9507 79.4631 3.981
680 26 24 0.22553 52.515 79.0453 0.2822
681 26 24 0.19193 50.5004 78.1825 -0.6961
682 26 26 0.33023 48.3973 77.0876 -0.3689
683 26 24 0.18823 48.8223 77.5621 3.2112
684 26 24 0.18553 50.8632 78.4512 4.2343
685 26 24 0.19553 56.6132 80.2743 1.758
686 26 24 0.18303 58.3635 81.3838 3.0364
687 26 24 0.20153 55.4465 82.4747 6.054
688 26 24 0.17643 53.6875 81.3785 4.7386
689 27 36 -0.8004 60.3105 77.4029 0.5926
690 27 1 0.2702 70.0943 82.6958 5.4732
691 27 49 -0.5255 66.2376 80.0745 1.1114
692 27 1 0.5056 66.0323 80.0453 2.3195
693 27 36 -0.7051 64.9657 79.4488 2.9701
694 27 5 0.2847 63.8584 78.8363 2.3447
695 27 5 -0.1359 63.7367 78.718 0.9614
696 27 5 -0.164 62.5762 78.2008 0.3874
697 27 5 0.2878 61.5314 77.7393 1.1829
698 27 5 -0.1622 61.6484 77.8565 2.5696
699 27 5 -0.1629 62.8126 78.3769 3.1516
700 27 5 -0.0434 67.0423 80.7035 3.181
701 27 5 -0.073 68.3614 80.7385 2.7107
702 27 5 -0.1135 69.3579 81.3787 3.446
703 27 5 0.0058 69.04560000000001 81.9997 4.6614
704 27 49 -0.4764 69.7307 83.21340000000001 6.5249
705 27 5 -0.0817 67.7123 81.9754 5.1234
706 27 5 -0.1004 66.7139 81.3365 4.384
707 27 26 0.31233 64.9507 79.4631 3.981
708 27 24 0.22553 64.515 79.0453 0.2822
709 27 24 0.19193 62.5004 78.1825 -0.6961
710 27 26 0.33023 60.3973 77.0876 -0.3689
711 27 24 0.18823 60.8223 77.5621 3.2112
712 27 24 0.18553 62.8632 78.4512 4.2343
713 27 24 0.19553 68.6132 80.2743 1.758
714 27 24 0.18303 70.3635 81.3838 3.0364
715 27 24 0.20153 67.4465 82.4747 6.054
716 27 24 0.17643 65.6875 81.3785 4.7386
717 28 36 -0.7929 72.1531 84.999 3.124
718 28 1 0.2785 81.3662 84.4177 -2.3861
719 28 49 -0.4727 81.1841 85.4355 -1.7172
720 28 5 -0.0315 80.4097 83.2995 -2.1596
721 28 5 0.0644 80.51689999999999 82.0949 -2.8428
722 28 42 -0.3533 79.6574 81.0619 -2.6802
723 28 5 0.0985 78.6429 81.2391 -1.7965
724 28 5 -0.0816 78.4396 82.4064 -1.0657
725 28 1 0.5188 77.2828 82.4505 -0.1333
726 28 49 -0.52 76.848 81.3739 0.2615
727 28 36 -0.6959 76.778 83.7027 0.1751
728 28 5 0.2852 75.6522 83.9816 0.9901
729 28 5 -0.1311 74.9136 83.0072 1.6609
730 28 5 -0.1596 73.7742 83.3543 2.3993
731 28 5 0.29 73.3785 84.6835 2.5288
732 28 5 -0.1572 74.1037 85.6578 1.8425
733 28 5 -0.1551 75.2412 85.3151 1.0964
734 28 5 -0.0597 79.3538 83.4477 -1.2426
735 28 22 0.183033 81.3061 81.8912 -3.5614
736 28 22 0.198433 77.9745 80.3853 -1.6975
737 28 26 0.323233 77.1799 84.5091 -0.2828
738 28 24 0.231733 75.1753 81.9548 1.6171
739 28 24 0.200133 73.1966 82.5612 2.8682
740 28 26 0.337933 71.8382 84.3187 3.8097
741 28 24 0.197333 73.7832 86.6954 1.8709
742 28 24 0.196433 75.7765 86.109 0.5832
743 28 24 0.206933 79.2764 84.364 -0.6637
744 29 36 -0.7929 84.0174 84.999 3.124
745 29 1 0.2785 93.2305 84.4177 -2.3861
746 29 49 -0.4727 93.0484 85.4355 -1.7172
747 29 5 -0.0315 92.274 83.2995 -2.1596
748 29 5 0.0644 92.3812 82.0949 -2.8428
749 29 42 -0.3533 91.5217 81.0619 -2.6802
750 29 5 0.0985 90.5072 81.2391 -1.7965
751 29 5 -0.0816 90.3039 82.4064 -1.0657
752 29 1 0.5188 89.1471 82.4505 -0.1333
753 29 49 -0.52 88.7123 81.3739 0.2615
754 29 36 -0.6959 88.6423 83.7027 0.1751
755 29 5 0.2852 87.5165 83.9816 0.9901
756 29 5 -0.1311 86.7779 83.0072 1.6609
757 29 5 -0.1596 85.6385 83.3543 2.3993
758 29 5 0.29 85.2428 84.6835 2.5288
759 29 5 -0.1572 85.968 85.6578 1.8425
760 29 5 -0.1551 87.1055 85.3151 1.0964
761 29 5 -0.0597 91.2181 83.4477 -1.2426
762 29 22 0.183033 93.1704 81.8912 -3.5614
763 29 22 0.198433 89.8388 80.3853 -1.6975
764 29 26 0.323233 89.0442 84.5091 -0.2828
765 29 24 0.231733 87.03960000000001 81.9548 1.6171
766 29 24 0.200133 85.0609 82.5612 2.8682
767 29 26 0.337933 83.7025 84.3187 3.8097
768 29 24 0.197333 85.6475 86.6954 1.8709
769 29 24 0.196433 87.6408 86.109 0.5832
770 29 24 0.206933 91.1407 84.364 -0.6637
771 30 36 -0.7929 95.8817 84.999 3.124
772 30 1 0.2785 105.0948 84.4177 -2.3861
773 30 49 -0.4727 104.9127 85.4355 -1.7172
774 30 5 -0.0315 104.1383 83.2995 -2.1596
775 30 5 0.0644 104.24549999999999 82.0949 -2.8428
776 30 42 -0.3533 103.386 81.0619 -2.6802
777 30 5 0.0985 102.3715 81.2391 -1.7965
778 30 5 -0.0816 102.1682 82.4064 -1.0657
779 30 1 0.5188 101.0114 82.4505 -0.1333
780 30 49 -0.52 100.5766 81.3739 0.2615
781 30 36 -0.6959 100.5066 83.7027 0.1751
782 30 5 0.2852 99.3808 83.9816 0.9901
783 30 5 -0.1311 98.6422 83.0072 1.6609
784 30 5 -0.1596 97.5028 83.3543 2.3993
785 30 5 0.29 97.1071 84.6835 2.5288
786 30 5 -0.1572 97.8323 85.6578 1.8425
787 30 5 -0.1551 98.9698 85.3151 1.0964
788 30 5 -0.0597 103.0824 83.4477 -1.2426
789 30 22 0.183033 105.0347 81.8912 -3.5614
790 30 22 0.198433 101.7031 80.3853 -1.6975
791 30 26 0.323233 100.9085 84.5091 -0.2828
792 30 24 0.231733 98.9039 81.9548 1.6171
793 30 24 0.200133 96.9252 82.5612 2.8682
794 30 26 0.337933 95.5668 84.3187 3.8097
795 30 24 0.197333 97.5118 86.6954 1.8709
796 30 24 0.196433 99.5051 86.109 0.5832
797 30 24 0.206933 103.005 84.364 -0.6637
798 31 36 -0.8004 107.90390000000001 77.4029 0.5926
799 31 1 0.2702 117.6877 82.6958 5.4732
800 31 49 -0.5255 113.831 80.0745 1.1114
801 31 1 0.5056 113.62570000000001 80.0453 2.3195
802 31 36 -0.7051 112.5591 79.4488 2.9701
803 31 5 0.2847 111.4518 78.8363 2.3447
804 31 5 -0.1359 111.3301 78.718 0.9614
805 31 5 -0.164 110.1696 78.2008 0.3874
806 31 5 0.2878 109.12480000000001 77.7393 1.1829
807 31 5 -0.1622 109.2418 77.8565 2.5696
808 31 5 -0.1629 110.406 78.3769 3.1516
809 31 5 -0.0434 114.6357 80.7035 3.181
810 31 5 -0.073 115.9548 80.7385 2.7107
811 31 5 -0.1135 116.9513 81.3787 3.446
812 31 5 0.0058 116.63900000000001 81.9997 4.6614
813 31 49 -0.4764 117.3241 83.21340000000001 6.5249
814 31 5 -0.0817 115.3057 81.9754 5.1234
815 31 5 -0.1004 114.3073 81.3365 4.384
816 31 26 0.31233 112.5441 79.4631 3.981
817 31 24 0.22553 112.1084 79.0453 0.2822
818 31 24 0.19193 110.0938 78.1825 -0.6961
819 31 26 0.33023 107.9907 77.0876 -0.3689
820 31 24 0.18823 108.4157 77.5621 3.2112
821 31 24 0.18553 110.45660000000001 78.4512 4.2343
822 31 24 0.19553 116.20660000000001 80.2743 1.758
823 31 24 0.18303 117.9569 81.3838 3.0364
824 31 24 0.20153 115.0399 82.4747 6.054
825 31 24 0.17643 113.2809 81.3785 4.7386
826 32 36 -0.8004 0.5819 117.4029 0.5926
827 32 1 0.2702 10.3657 122.6958 5.4732
828 32 49 -0.5255 6.509 120.0745 1.1114
829 32 1 0.5056 6.3037 120.0453 2.3195
830 32 36 -0.7051 5.2371 119.4488 2.9701
831 32 5 0.2847 4.1298 118.8363 2.3447
832 32 5 -0.1359 4.0081 118.718 0.9614
833 32 5 -0.164 2.8476 118.2008 0.3874
834 32 5 0.2878 1.8028 117.7393 1.1829
835 32 5 -0.1622 1.9198 117.8565 2.5696
836 32 5 -0.1629 3.084 118.3769 3.1516
837 32 5 -0.0434 7.3137 120.7035 3.181
838 32 5 -0.073 8.6328 120.7385 2.7107
839 32 5 -0.1135 9.6293 121.3787 3.446
840 32 5 0.0058 9.317 121.9997 4.6614
841 32 49 -0.4764 10.0021 123.21340000000001 6.5249
842 32 5 -0.0817 7.9837 121.9754 5.1234
843 32 5 -0.1004 6.9853 121.3365 4.384
844 32 26 0.31233 5.2221 119.4631 3.981
845 32 24 0.22553 4.7864 119.0453 0.2822
846 32 24 0.19193 2.7718 118.1825 -0.6961
847 32 26 0.33023 0.6687 117.0876 -0.3689
848 32 24 0.18823 1.0937 117.5621 3.2112
849 32 24 0.18553 3.1346 118.4512 4.2343
850 32 24 0.19553 8.8846 120.2743 1.758
851 32 24 0.18303 10.6349 121.3838 3.0364
852 32 24 0.20153 7.7179 122.4747 6.054
853 32 24 0.17643 5.9589 121.3785 4.7386
854 33 36 -0.7929 12.4245 124.999 3.124
855 33 1 0.2785 21.6376 124.4177 -2.3861
856 33 49 -0.4727 21.4555 125.4355 -1.7172
857 33 5 -0.0315 20.6811 123.2995 -2.1596
858 33 5 0.0644 20.7883 122.0949 -2.8428
859 33 42 -0.3533 19.9288 121.0619 -2.6802
860 33 5 0.0985 18.9143 121.2391 -1.7965
861 33 5 -0.0816 18.711 122.4064 -1.0657
862 33 1 0.5188 17.5542 122.4505 -0.1333
863 33 49 -0.52 17.1194 121.3739 0.2615
864 33 36 -0.6959 17.0494 123.7027 0.1751
865 33 5 0.2852 15.9236 123.9816 0.9901
866 33 5 -0.1311 15.185 123.0072 1.6609
867 33 5 -0.1596 14.0456 123.3543 2.3993
868 33 5 0.29 13.6499 124.6835 2.5288
869 33 5 -0.1572 14.3751 125.6578 1.8425
870 33 5 -0.1551 15.512599999999999 125.3151 1.0964
871 33 5 -0.0597 19.6252 123.4477 -1.2426
872 33 22 0.183033 21.5775 121.8912 -3.5614
873 33 22 0.198433 18.2459 120.3853 -1.6975
874 33 26 0.323233 17.4513 124.5091 -0.2828
875 33 24 0.231733 15.4467 121.9548 1.6171
876 33 24 0.200133 13.468 122.5612 2.8682
877 33 26 0.337933 12.1096 124.3187 3.8097
878 33 24 0.197333 14.0546 126.6954 1.8709
879 33 24 0.196433 16.0479 126.109 0.5832
880 33 24 0.206933 19.5478 124.364 -0.6637
881 34 36 -0.8004 24.4462 117.4029 0.5926
882 34 1 0.2702 34.230000000000004 122.6958 5.4732
883 34 49 -0.5255 30.3733 120.0745 1.1114
884 34 1 0.5056 30.168 120.0453 2.3195
885 34 36 -0.7051 29.101399999999998 119.4488 2.9701
886 34 5 0.2847 27.9941 118.8363 2.3447
887 34 5 -0.1359 27.8724 118.718 0.9614
888 34 5 -0.164 26.7119 118.2008 0.3874
889 34 5 0.2878 25.6671 117.7393 1.1829
890 34 5 -0.1622 25.7841 117.8565 2.5696
891 34 5 -0.1629 26.9483 118.3769 3.1516
892 34 5 -0.0434 31.178 120.7035 3.181
893 34 5 -0.073 32.4971 120.7385 2.7107
894 34 5 -0.1135 33.4936 121.3787 3.446
895 34 5 0.0058 33.1813 121.9997 4.6614
896 34 49 -0.4764 33.8664 123.21340000000001 6.5249
897 34 5 -0.0817 31.848 121.9754 5.1234
898 34 5 -0.1004 30.8496 121.3365 4.384
899 34 26 0.31233 29.0864 119.4631 3.981
900 34 24 0.22553 28.6507 119.0453 0.2822
901 34 24 0.19193 26.6361 118.1825 -0.6961
902 34 26 0.33023 24.533 117.0876 -0.3689
903 34 24 0.18823 24.958 117.5621 3.2112
904 34 24 0.18553 26.9989 118.4512 4.2343
905 34 24 0.19553 32.7489 120.2743 1.758
906 34 24 0.18303 34.4992 121.3838 3.0364
907 34 24 0.20153 31.5822 122.4747 6.054
908 34 24 0.17643 29.8232 121.3785 4.7386
909 35 36 -0.7929 36.2888 124.999 3.124
910 35 1 0.2785 45.5019 124.4177 -2.3861
911 35 49 -0.4727 45.3198 125.4355 -1.7172
912 35 5 -0.0315 44.5454 123.2995 -2.1596
913 35 5 0.0644 44.6526 122.0949 -2.8428
914 35 42 -0.3533 43.7931 121.0619 -2.6802
915 35 5 0.0985 42.7786 121.2391 -1.7965
916 35 5 -0.0816 42.5753 122.4064 -1.0657
917 35 1 0.5188 41.4185 122.4505 -0.1333
918 35 49 -0.52 40.9837 121.3739 0.2615
919 35 36 -0.6959 40.9137 123.7027 0.1751
920 35 5 0.2852 39.7879 123.9816 0.9901
921 35 5 -0.1311 39.0493 123.0072 1.6609
922 35 5 -0.1596 37.9099 123.3543 2.3993
923 35 5 0.29 37.5142 124.6835 2.5288
924 35 5 -0.1572 38.2394 125.6578 1.8425
925 35 5 -0.1551 39.3769 125.3151 1.0964
926 35 5 -0.0597 43.4895 123.4477 -1.2426
927 35 22 0.183033 45.4418 121.8912 -3.5614
928 35 22 0.198433 42.1102 120.3853 -1.6975
929 35 26 0.323233 41.3156 124.5091 -0.2828
930 35 24 0.231733 39.311 121.9548 1.6171
931 35 24 0.200133 37.332300000000004 122.5612 2.8682
932 35 26 0.337933 35.9739 124.3187 3.8097
933 35 24 0.197333 37.9189 126.6954 1.8709
934 35 24 0.196433 39.9122 126.109 0.5832
935 35 24 0.206933 43.4121 124.364 -0.6637
936 36 36 -0.8004 48.3105 117.4029 0.5926
937 36 1 0.2702 58.094300000000004 122.6958 5.4732
938 36 49 -0.5255 54.2376 120.0745 1.1114
939 36 1 0.5056 54.0323 120.0453 2.3195
940 36 36 -0.7051 52.9657 119.4488 2.9701
941 36 5 0.2847 51.8584 118.8363 2.3447
942 36 5 -0.1359 51.7367 118.718 0.9614
943 36 5 -0.164 50.5762 118.2008 0.3874
944 36 5 0.2878 49.5314 117.7393 1.1829
945 36 5 -0.1622 49.6484 117.8565 2.5696
946 36 5 -0.1629 50.8126 118.3769 3.1516
947 36 5 -0.0434 55.0423 120.7035 3.181
948 36 5 -0.073 56.3614 120.7385 2.7107
949 36 5 -0.1135 57.3579 121.3787 3.446
950 36 5 0.0058 57.0456 121.9997 4.6614
951 36 49 -0.4764 57.7307 123.21340000000001 6.5249
952 36 5 -0.0817 55.7123 121.9754 5.1234
953 36 5 -0.1004 54.7139 121.3365 4.384
954 36 26 0.31233 52.9507 119.4631 3.981
955 36 24 0.22553 52.515 119.0453 0.2822
956 36 24 0.19193 50.5004 118.1825 -0.6961
957 36 26 0.33023 48.3973 117.0876 -0.3689
958 36 24 0.18823 48.8223 117.5621 3.2112
959 36 24 0.18553 50.8632 118.4512 4.2343
960 36 24 0.19553 56.6132 120.2743 1.758
961 36 24 0.18303 58.3635 121.3838 3.0364
962 36 24 0.20153 55.4465 122.4747 6.054
963 36 24 0.17643 53.6875 121.3785 4.7386
964 37 36 -0.8004 60.3105 117.4029 0.5926
965 37 1 0.2702 70.0943 122.6958 5.4732
966 37 49 -0.5255 66.2376 120.0745 1.1114
967 37 1 0.5056 66.0323 120.0453 2.3195
968 37 36 -0.7051 64.9657 119.4488 2.9701
969 37 5 0.2847 63.8584 118.8363 2.3447
970 37 5 -0.1359 63.7367 118.718 0.9614
971 37 5 -0.164 62.5762 118.2008 0.3874
972 37 5 0.2878 61.5314 117.7393 1.1829
973 37 5 -0.1622 61.6484 117.8565 2.5696
974 37 5 -0.1629 62.8126 118.3769 3.1516
975 37 5 -0.0434 67.0423 120.7035 3.181
976 37 5 -0.073 68.3614 120.7385 2.7107
977 37 5 -0.1135 69.3579 121.3787 3.446
978 37 5 0.0058 69.04560000000001 121.9997 4.6614
979 37 49 -0.4764 69.7307 123.21340000000001 6.5249
980 37 5 -0.0817 67.7123 121.9754 5.1234
981 37 5 -0.1004 66.7139 121.3365 4.384
982 37 26 0.31233 64.9507 119.4631 3.981
983 37 24 0.22553 64.515 119.0453 0.2822
984 37 24 0.19193 62.5004 118.1825 -0.6961
985 37 26 0.33023 60.3973 117.0876 -0.3689
986 37 24 0.18823 60.8223 117.5621 3.2112
987 37 24 0.18553 62.8632 118.4512 4.2343
988 37 24 0.19553 68.6132 120.2743 1.758
989 37 24 0.18303 70.3635 121.3838 3.0364
990 37 24 0.20153 67.4465 122.4747 6.054
991 37 24 0.17643 65.6875 121.3785 4.7386
992 38 36 -0.7929 72.1531 124.999 3.124
993 38 1 0.2785 81.3662 124.4177 -2.3861
994 38 49 -0.4727 81.1841 125.4355 -1.7172
995 38 5 -0.0315 80.4097 123.2995 -2.1596
996 38 5 0.0644 80.51689999999999 122.0949 -2.8428
997 38 42 -0.3533 79.6574 121.0619 -2.6802
998 38 5 0.0985 78.6429 121.2391 -1.7965
999 38 5 -0.0816 78.4396 122.4064 -1.0657
1000 38 1 0.5188 77.2828 122.4505 -0.1333
1001 38 49 -0.52 76.848 121.3739 0.2615
1002 38 36 -0.6959 76.778 123.7027 0.1751
1003 38 5 0.2852 75.6522 123.9816 0.9901
1004 38 5 -0.1311 74.9136 123.0072 1.6609
1005 38 5 -0.1596 73.7742 123.3543 2.3993
1006 38 5 0.29 73.3785 124.6835 2.5288
1007 38 5 -0.1572 74.1037 125.6578 1.8425
1008 38 5 -0.1551 75.2412 125.3151 1.0964
1009 38 5 -0.0597 79.3538 123.4477 -1.2426
1010 38 22 0.183033 81.3061 121.8912 -3.5614
1011 38 22 0.198433 77.9745 120.3853 -1.6975
1012 38 26 0.323233 77.1799 124.5091 -0.2828
1013 38 24 0.231733 75.1753 121.9548 1.6171
1014 38 24 0.200133 73.1966 122.5612 2.8682
1015 38 26 0.337933 71.8382 124.3187 3.8097
1016 38 24 0.197333 73.7832 126.6954 1.8709
1017 38 24 0.196433 75.7765 126.109 0.5832
1018 38 24 0.206933 79.2764 124.364 -0.6637
1019 39 36 -0.7929 84.0174 124.999 3.124
1020 39 1 0.2785 93.2305 124.4177 -2.3861
1021 39 49 -0.4727 93.0484 125.4355 -1.7172
1022 39 5 -0.0315 92.274 123.2995 -2.1596
1023 39 5 0.0644 92.3812 122.0949 -2.8428
1024 39 42 -0.3533 91.5217 121.0619 -2.6802
1025 39 5 0.0985 90.5072 121.2391 -1.7965
1026 39 5 -0.0816 90.3039 122.4064 -1.0657
1027 39 1 0.5188 89.1471 122.4505 -0.1333
1028 39 49 -0.52 88.7123 121.3739 0.2615
1029 39 36 -0.6959 88.6423 123.7027 0.1751
1030 39 5 0.2852 87.5165 123.9816 0.9901
1031 39 5 -0.1311 86.7779 123.0072 1.6609
1032 39 5 -0.1596 85.6385 123.3543 2.3993
1033 39 5 0.29 85.2428 124.6835 2.5288
1034 39 5 -0.1572 85.968 125.6578 1.8425
1035 39 5 -0.1551 87.1055 125.3151 1.0964
1036 39 5 -0.0597 91.2181 123.4477 -1.2426
1037 39 22 0.183033 93.1704 121.8912 -3.5614
1038 39 22 0.198433 89.8388 120.3853 -1.6975
1039 39 26 0.323233 89.0442 124.5091 -0.2828
1040 39 24 0.231733 87.03960000000001 121.9548 1.6171
1041 39 24 0.200133 85.0609 122.5612 2.8682
1042 39 26 0.337933 83.7025 124.3187 3.8097
1043 39 24 0.197333 85.6475 126.6954 1.8709
1044 39 24 0.196433 87.6408 126.109 0.5832
1045 39 24 0.206933 91.1407 124.364 -0.6637
1046 40 36 -0.7929 95.8817 124.999 3.124
1047 40 1 0.2785 105.0948 124.4177 -2.3861
1048 40 49 -0.4727 104.9127 125.4355 -1.7172
1049 40 5 -0.0315 104.1383 123.2995 -2.1596
1050 40 5 0.0644 104.24549999999999 122.0949 -2.8428
1051 40 42 -0.3533 103.386 121.0619 -2.6802
1052 40 5 0.0985 102.3715 121.2391 -1.7965
1053 40 5 -0.0816 102.1682 122.4064 -1.0657
1054 40 1 0.5188 101.0114 122.4505 -0.1333
1055 40 49 -0.52 100.5766 121.3739 0.2615
1056 40 36 -0.6959 100.5066 123.7027 0.1751
1057 40 5 0.2852 99.3808 123.9816 0.9901
1058 40 5 -0.1311 98.6422 123.0072 1.6609
1059 40 5 -0.1596 97.5028 123.3543 2.3993
1060 40 5 0.29 97.1071 124.6835 2.5288
1061 40 5 -0.1572 97.8323 125.6578 1.8425
1062 40 5 -0.1551 98.9698 125.3151 1.0964
1063 40 5 -0.0597 103.0824 123.4477 -1.2426
1064 40 22 0.183033 105.0347 121.8912 -3.5614
1065 40 22 0.198433 101.7031 120.3853 -1.6975
1066 40 26 0.323233 100.9085 124.5091 -0.2828
1067 40 24 0.231733 98.9039 121.9548 1.6171
1068 40 24 0.200133 96.9252 122.5612 2.8682
1069 40 26 0.337933 95.5668 124.3187 3.8097
1070 40 24 0.197333 97.5118 126.6954 1.8709
1071 40 24 0.196433 99.5051 126.109 0.5832
1072 40 24 0.206933 103.005 124.364 -0.6637
1073 41 36 -0.8004 107.90390000000001 117.4029 0.5926
1074 41 1 0.2702 117.6877 122.6958 5.4732
1075 41 49 -0.5255 113.831 120.0745 1.1114
1076 41 1 0.5056 113.62570000000001 120.0453 2.3195
1077 41 36 -0.7051 112.5591 119.4488 2.9701
1078 41 5 0.2847 111.4518 118.8363 2.3447
1079 41 5 -0.1359 111.3301 118.718 0.9614
1080 41 5 -0.164 110.1696 118.2008 0.3874
1081 41 5 0.2878 109.12480000000001 117.7393 1.1829
1082 41 5 -0.1622 109.2418 117.8565 2.5696
1083 41 5 -0.1629 110.406 118.3769 3.1516
1084 41 5 -0.0434 114.6357 120.7035 3.181
1085 41 5 -0.073 115.9548 120.7385 2.7107
1086 41 5 -0.1135 116.9513 121.3787 3.446
1087 41 5 0.0058 116.63900000000001 121.9997 4.6614
1088 41 49 -0.4764 117.3241 123.21340000000001 6.5249
1089 41 5 -0.0817 115.3057 121.9754 5.1234
1090 41 5 -0.1004 114.3073 121.3365 4.384
1091 41 26 0.31233 112.5441 119.4631 3.981
1092 41 24 0.22553 112.1084 119.0453 0.2822
1093 41 24 0.19193 110.0938 118.1825 -0.6961
1094 41 26 0.33023 107.9907 117.0876 -0.3689
1095 41 24 0.18823 108.4157 117.5621 3.2112
1096 41 24 0.18553 110.45660000000001 118.4512 4.2343
1097 41 24 0.19553 116.20660000000001 120.2743 1.758
1098 41 24 0.18303 117.9569 121.3838 3.0364
1099 41 24 0.20153 115.0399 122.4747 6.054
1100 41 24 0.17643 113.2809 121.3785 4.7386
1101 42 36 -0.7929 0.4245 164.999 3.124
1102 42 1 0.2785 9.6376 164.4177 -2.3861
1103 42 49 -0.4727 9.4555 165.4355 -1.7172
1104 42 5 -0.0315 8.6811 163.2995 -2.1596
1105 42 5 0.0644 8.7883 162.0949 -2.8428
1106 42 42 -0.3533 7.9288 161.0619 -2.6802
1107 42 5 0.0985 6.9143 161.2391 -1.7965
1108 42 5 -0.0816 6.711 162.4064 -1.0657
1109 42 1 0.5188 5.5542 162.4505 -0.1333
1110 42 49 -0.52 5.1194 161.3739 0.2615
1111 42 36 -0.6959 5.0494 163.7027 0.1751
1112 42 5 0.2852 3.9236 163.9816 0.9901
1113 42 5 -0.1311 3.185 163.0072 1.6609
1114 42 5 -0.1596 2.0456 163.3543 2.3993
1115 42 5 0.29 1.6499 164.6835 2.5288
1116 42 5 -0.1572 2.3751 165.6578 1.8425
1117 42 5 -0.1551 3.5126 165.3151 1.0964
1118 42 5 -0.0597 7.6252 163.4477 -1.2426
1119 42 22 0.183033 9.5775 161.8912 -3.5614
1120 42 22 0.198433 6.2459 160.3853 -1.6975
1121 42 26 0.323233 5.4513 164.5091 -0.2828
1122 42 24 0.231733 3.4467 161.9548 1.6171
1123 42 24 0.200133 1.468 162.5612 2.8682
1124 42 26 0.337933 0.1096 164.3187 3.8097
1125 42 24 0.197333 2.0546 166.6954 1.8709
1126 42 24 0.196433 4.0479 166.109 0.5832
1127 42 24 0.206933 7.5478 164.364 -0.6637
1128 43 36 -0.7929 12.2888 164.999 3.124
1129 43 1 0.2785 21.5019 164.4177 -2.3861
1130 43 49 -0.4727 21.3198 165.4355 -1.7172
1131 43 5 -0.0315 20.5454 163.2995 -2.1596
1132 43 5 0.0644 20.6526 162.0949 -2.8428
1133 43 42 -0.3533 19.7931 161.0619 -2.6802
1134 43 5 0.0985 18.7786 161.2391 -1.7965
1135 43 5 -0.0816 18.5753 162.4064 -1.0657
1136 43 1 0.5188 17.4185 162.4505 -0.1333
1137 43 49 -0.52 16.9837 161.3739 0.2615
1138 43 36 -0.6959 16.9137 163.7027 0.1751
1139 43 5 0.2852 15.7879 163.9816 0.9901
1140 43 5 -0.1311 15.0493 163.0072 1.6609
1141 43 5 -0.1596 13.9099 163.3543 2.3993
1142 43 5 0.29 13.5142 164.6835 2.5288
1143 43 5 -0.1572 14.2394 165.6578 1.8425
1144 43 5 -0.1551 15.3769 165.3151 1.0964
1145 43 5 -0.0597 19.4895 163.4477 -1.2426
1146 43 22 0.183033 21.4418 161.8912 -3.5614
1147 43 22 0.198433 18.1102 160.3853 -1.6975
1148 43 26 0.323233 17.3156 164.5091 -0.2828
1149 43 24 0.231733 15.311 161.9548 1.6171
1150 43 24 0.200133 13.3323 162.5612 2.8682
1151 43 26 0.337933 11.9739 164.3187 3.8097
1152 43 24 0.197333 13.9189 166.6954 1.8709
1153 43 24 0.196433 15.9122 166.109 0.5832
1154 43 24 0.206933 19.4121 164.364 -0.6637
1155 44 36 -0.8004 24.3105 157.4029 0.5926
1156 44 1 0.2702 34.094300000000004 162.6958 5.4732
1157 44 49 -0.5255 30.2376 160.0745 1.1114
1158 44 1 0.5056 30.0323 160.0453 2.3195
1159 44 36 -0.7051 28.9657 159.4488 2.9701
1160 44 5 0.2847 27.8584 158.8363 2.3447
1161 44 5 -0.1359 27.7367 158.718 0.9614
1162 44 5 -0.164 26.5762 158.2008 0.3874
1163 44 5 0.2878 25.5314 157.73930000000001 1.1829
1164 44 5 -0.1622 25.6484 157.8565 2.5696
1165 44 5 -0.1629 26.8126 158.3769 3.1516
1166 44 5 -0.0434 31.0423 160.7035 3.181
1167 44 5 -0.073 32.3614 160.7385 2.7107
1168 44 5 -0.1135 33.3579 161.3787 3.446
1169 44 5 0.0058 33.0456 161.9997 4.6614
1170 44 49 -0.4764 33.7307 163.2134 6.5249
1171 44 5 -0.0817 31.7123 161.9754 5.1234
1172 44 5 -0.1004 30.7139 161.3365 4.384
1173 44 26 0.31233 28.9507 159.4631 3.981
1174 44 24 0.22553 28.515 159.0453 0.2822
1175 44 24 0.19193 26.5004 158.1825 -0.6961
1176 44 26 0.33023 24.3973 157.0876 -0.3689
1177 44 24 0.18823 24.8223 157.5621 3.2112
1178 44 24 0.18553 26.8632 158.4512 4.2343
1179 44 24 0.19553 32.6132 160.2743 1.758
1180 44 24 0.18303 34.3635 161.3838 3.0364
1181 44 24 0.20153 31.4465 162.4747 6.054
1182 44 24 0.17643 29.6875 161.3785 4.7386
1183 45 36 -0.7929 36.1531 164.999 3.124
1184 45 1 0.2785 45.3662 164.4177 -2.3861
1185 45 49 -0.4727 45.1841 165.4355 -1.7172
1186 45 5 -0.0315 44.4097 163.2995 -2.1596
1187 45 5 0.0644 44.5169 162.0949 -2.8428
1188 45 42 -0.3533 43.6574 161.0619 -2.6802
1189 45 5 0.0985 42.6429 161.2391 -1.7965
1190 45 5 -0.0816 42.4396 162.4064 -1.0657
1191 45 1 0.5188 41.2828 162.4505 -0.1333
1192 45 49 -0.52 40.848 161.3739 0.2615
1193 45 36 -0.6959 40.778 163.7027 0.1751
1194 45 5 0.2852 39.6522 163.9816 0.9901
1195 45 5 -0.1311 38.9136 163.0072 1.6609
1196 45 5 -0.1596 37.7742 163.3543 2.3993
1197 45 5 0.29 37.3785 164.6835 2.5288
1198 45 5 -0.1572 38.1037 165.6578 1.8425
1199 45 5 -0.1551 39.2412 165.3151 1.0964
1200 45 5 -0.0597 43.3538 163.4477 -1.2426
1201 45 22 0.183033 45.3061 161.8912 -3.5614
1202 45 22 0.198433 41.9745 160.3853 -1.6975
1203 45 26 0.323233 41.1799 164.5091 -0.2828
1204 45 24 0.231733 39.1753 161.9548 1.6171
1205 45 24 0.200133 37.196600000000004 162.5612 2.8682
1206 45 26 0.337933 35.8382 164.3187 3.8097
1207 45 24 0.197333 37.7832 166.6954 1.8709
1208 45 24 0.196433 39.7765 166.109 0.5832
1209 45 24 0.206933 43.2764 164.364 -0.6637
1210 46 36 -0.8004 48.1748 157.4029 0.5926
1211 46 1 0.2702 57.958600000000004 162.6958 5.4732
1212 46 49 -0.5255 54.1019 160.0745 1.1114
1213 46 1 0.5056 53.8966 160.0453 2.3195
1214 46 36 -0.7051 52.83 159.4488 2.9701
1215 46 5 0.2847 51.7227 158.8363 2.3447
1216 46 5 -0.1359 51.601 158.718 0.9614
1217 46 5 -0.164 50.4405 158.2008 0.3874
1218 46 5 0.2878 49.3957 157.73930000000001 1.1829
1219 46 5 -0.1622 49.5127 157.8565 2.5696
1220 46 5 -0.1629 50.6769 158.3769 3.1516
1221 46 5 -0.0434 54.9066 160.7035 3.181
1222 46 5 -0.073 56.2257 160.7385 2.7107
1223 46 5 -0.1135 57.2222 161.3787 3.446
1224 46 5 0.0058 56.9099 161.9997 4.6614
1225 46 49 -0.4764 57.595 163.2134 6.5249
1226 46 5 -0.0817 55.5766 161.9754 5.1234
1227 46 5 -0.1004 54.5782 161.3365 4.384
1228 46 26 0.31233 52.815 159.4631 3.981
1229 46 24 0.22553 52.3793 159.0453 0.2822
1230 46 24 0.19193 50.3647 158.1825 -0.6961
1231 46 26 0.33023 48.2616 157.0876 -0.3689
1232 46 24 0.18823 48.6866 157.5621 3.2112
1233 46 24 0.18553 50.7275 158.4512 4.2343
1234 46 24 0.19553 56.4775 160.2743 1.758
1235 46 24 0.18303 58.2278 161.3838 3.0364
1236 46 24 0.20153 55.3108 162.4747 6.054
1237 46 24 0.17643 53.5518 161.3785 4.7386
1238 47 36 -0.8004 60.1748 157.4029 0.5926
1239 47 1 0.2702 69.9586 162.6958 5.4732
1240 47 49 -0.5255 66.1019 160.0745 1.1114
1241 47 1 0.5056 65.8966 160.0453 2.3195
1242 47 36 -0.7051 64.83 159.4488 2.9701
1243 47 5 0.2847 63.7227 158.8363 2.3447
1244 47 5 -0.1359 63.601 158.718 0.9614
1245 47 5 -0.164 62.4405 158.2008 0.3874
1246 47 5 0.2878 61.3957 157.73930000000001 1.1829
1247 47 5 -0.1622 61.5127 157.8565 2.5696
1248 47 5 -0.1629 62.6769 158.3769 3.1516
1249 47 5 -0.0434 66.9066 160.7035 3.181
1250 47 5 -0.073 68.2257 160.7385 2.7107
1251 47 5 -0.1135 69.2222 161.3787 3.446
1252 47 5 0.0058 68.9099 161.9997 4.6614
1253 47 49 -0.4764 69.595 163.2134 6.5249
1254 47 5 -0.0817 67.5766 161.9754 5.1234
1255 47 5 -0.1004 66.5782 161.3365 4.384
1256 47 26 0.31233 64.815 159.4631 3.981
1257 47 24 0.22553 64.3793 159.0453 0.2822
1258 47 24 0.19193 62.3647 158.1825 -0.6961
1259 47 26 0.33023 60.2616 157.0876 -0.3689
1260 47 24 0.18823 60.6866 157.5621 3.2112
1261 47 24 0.18553 62.7275 158.4512 4.2343
1262 47 24 0.19553 68.4775 160.2743 1.758
1263 47 24 0.18303 70.2278 161.3838 3.0364
1264 47 24 0.20153 67.3108 162.4747 6.054
1265 47 24 0.17643 65.5518 161.3785 4.7386
1266 48 36 -0.7929 72.0174 164.999 3.124
1267 48 1 0.2785 81.2305 164.4177 -2.3861
1268 48 49 -0.4727 81.0484 165.4355 -1.7172
1269 48 5 -0.0315 80.274 163.2995 -2.1596
1270 48 5 0.0644 80.3812 162.0949 -2.8428
1271 48 42 -0.3533 79.5217 161.0619 -2.6802
1272 48 5 0.0985 78.5072 161.2391 -1.7965
1273 48 5 -0.0816 78.3039 162.4064 -1.0657
1274 48 1 0.5188 77.1471 162.4505 -0.1333
1275 48 49 -0.52 76.7123 161.3739 0.2615
1276 48 36 -0.6959 76.6423 163.7027 0.1751
1277 48 5 0.2852 75.5165 163.9816 0.9901
1278 48 5 -0.1311 74.7779 163.0072 1.6609
1279 48 5 -0.1596 73.6385 163.3543 2.3993
1280 48 5 0.29 73.2428 164.6835 2.5288
1281 48 5 -0.1572 73.968 165.6578 1.8425
1282 48 5 -0.1551 75.1055 165.3151 1.0964
1283 48 5 -0.0597 79.2181 163.4477 -1.2426
1284 48 22 0.183033 81.1704 161.8912 -3.5614
1285 48 22 0.198433 77.8388 160.3853 -1.6975
1286 48 26 0.323233 77.0442 164.5091 -0.2828
1287 48 24 0.231733 75.03960000000001 161.9548 1.6171
1288 48 24 0.200133 73.0609 162.5612 2.8682
1289 48 26 0.337933 71.7025 164.3187 3.8097
1290 48 24 0.197333 73.6475 166.6954 1.8709
1291 48 24 0.196433 75.6408 166.109 0.5832
1292 48 24 0.206933 79.1407 164.364 -0.6637
1293 49 36 -0.7929 83.8817 164.999 3.124
1294 49 1 0.2785 93.0948 164.4177 -2.3861
1295 49 49 -0.4727 92.9127 165.4355 -1.7172
1296 49 5 -0.0315 92.1383 163.2995 -2.1596
1297 49 5 0.0644 92.24549999999999 162.0949 -2.8428
1298 49 42 -0.3533 91.386 161.0619 -2.6802
1299 49 5 0.0985 90.3715 161.2391 -1.7965
1300 49 5 -0.0816 90.1682 162.4064 -1.0657
1301 49 1 0.5188 89.0114 162.4505 -0.1333
1302 49 49 -0.52 88.5766 161.3739 0.2615
1303 49 36 -0.6959 88.5066 163.7027 0.1751
1304 49 5 0.2852 87.3808 163.9816 0.9901
1305 49 5 -0.1311 86.6422 163.0072 1.6609
1306 49 5 -0.1596 85.5028 163.3543 2.3993
1307 49 5 0.29 85.1071 164.6835 2.5288
1308 49 5 -0.1572 85.8323 165.6578 1.8425
1309 49 5 -0.1551 86.9698 165.3151 1.0964
1310 49 5 -0.0597 91.0824 163.4477 -1.2426
1311 49 22 0.183033 93.0347 161.8912 -3.5614
1312 49 22 0.198433 89.7031 160.3853 -1.6975
1313 49 26 0.323233 88.9085 164.5091 -0.2828
1314 49 24 0.231733 86.9039 161.9548 1.6171
1315 49 24 0.200133 84.9252 162.5612 2.8682
1316 49 26 0.337933 83.5668 164.3187 3.8097
1317 49 24 0.197333 85.5118 166.6954 1.8709
1318 49 24 0.196433 87.5051 166.109 0.5832
1319 49 24 0.206933 91.005 164.364 -0.6637
1320 50 36 -0.8004 95.9034 157.4029 0.5926
1321 50 1 0.2702 105.6872 162.6958 5.4732
1322 50 49 -0.5255 101.8305 160.0745 1.1114
1323 50 1 0.5056 101.6252 160.0453 2.3195
1324 50 36 -0.7051 100.5586 159.4488 2.9701
1325 50 5 0.2847 99.4513 158.8363 2.3447
1326 50 5 -0.1359 99.3296 158.718 0.9614
1327 50 5 -0.164 98.1691 158.2008 0.3874
1328 50 5 0.2878 97.1243 157.73930000000001 1.1829
1329 50 5 -0.1622 97.2413 157.8565 2.5696
1330 50 5 -0.1629 98.4055 158.3769 3.1516
1331 50 5 -0.0434 102.6352 160.7035 3.181
1332 50 5 -0.073 103.9543 160.7385 2.7107
1333 50 5 -0.1135 104.9508 161.3787 3.446
1334 50 5 0.0058 104.6385 161.9997 4.6614
1335 50 49 -0.4764 105.3236 163.2134 6.5249
1336 50 5 -0.0817 103.3052 161.9754 5.1234
1337 50 5 -0.1004 102.3068 161.3365 4.384
1338 50 26 0.31233 100.5436 159.4631 3.981
1339 50 24 0.22553 100.1079 159.0453 0.2822
1340 50 24 0.19193 98.0933 158.1825 -0.6961
1341 50 26 0.33023 95.9902 157.0876 -0.3689
1342 50 24 0.18823 96.4152 157.5621 3.2112
1343 50 24 0.18553 98.4561 158.4512 4.2343
1344 50 24 0.19553 104.2061 160.2743 1.758
1345 50 24 0.18303 105.9564 161.3838 3.0364
1346 50 24 0.20153 103.0394 162.4747 6.054
1347 50 24 0.17643 101.2804 161.3785 4.7386
1348 51 36 -0.8004 107.90390000000001 157.4029 0.5926
1349 51 1 0.2702 117.6877 162.6958 5.4732
1350 51 49 -0.5255 113.831 160.0745 1.1114
1351 51 1 0.5056 113.62570000000001 160.0453 2.3195
1352 51 36 -0.7051 112.5591 159.4488 2.9701
1353 51 5 0.2847 111.4518 158.8363 2.3447
1354 51 5 -0.1359 111.3301 158.718 0.9614
1355 51 5 -0.164 110.1696 158.2008 0.3874
1356 51 5 0.2878 109.12480000000001 157.73930000000001 1.1829
1357 51 5 -0.1622 109.2418 157.8565 2.5696
1358 51 5 -0.1629 110.406 158.3769 3.1516
1359 51 5 -0.0434 114.6357 160.7035 3.181
1360 51 5 -0.073 115.9548 160.7385 2.7107
1361 51 5 -0.1135 116.9513 161.3787 3.446
1362 51 5 0.0058 116.63900000000001 161.9997 4.6614
1363 51 49 -0.4764 117.3241 163.2134 6.5249
1364 51 5 -0.0817 115.3057 161.9754 5.1234
1365 51 5 -0.1004 114.3073 161.3365 4.384
1366 51 26 0.31233 112.5441 159.4631 3.981
1367 51 24 0.22553 112.1084 159.0453 0.2822
1368 51 24 0.19193 110.0938 158.1825 -0.6961
1369 51 26 0.33023 107.9907 157.0876 -0.3689
1370 51 24 0.18823 108.4157 157.5621 3.2112
1371 51 24 0.18553 110.45660000000001 158.4512 4.2343
1372 51 24 0.19553 116.20660000000001 160.2743 1.758
1373 51 24 0.18303 117.9569 161.3838 3.0364
1374 51 24 0.20153 115.0399 162.4747 6.054
1375 51 24 0.17643 113.2809 161.3785 4.7386
