1 611 4 18 8
2 611 5 4 18
3 611 7 8 18
4 611 12 13 14
5 611 12 17 16
6 611 13 12 17
7 611 13 14 15
8 611 14 15 16
9 611 15 16 17
10 611 33 34 35
11 611 33 38 37
12 611 34 33 38
13 611 34 35 36
14 611 35 36 37
15 611 36 37 38
16 611 39 40 41
17 611 39 45 44
18 611 40 39 45
19 611 40 41 42
20 611 41 42 44
21 611 42 44 45
22 611 59 73 63
23 611 60 59 73
24 611 62 63 73
25 611 67 68 69
26 611 67 72 71
27 611 68 67 72
28 611 68 69 70
29 611 69 70 71
30 611 70 71 72
31 611 86 100 90
32 611 87 86 100
33 611 89 90 100
34 611 94 95 96
35 611 94 99 98
36 611 95 94 99
37 611 95 96 97
38 611 96 97 98
39 611 97 98 99
40 611 115 116 117
41 611 115 120 119
42 611 116 115 120
43 611 116 117 118
44 611 117 118 119
45 611 118 119 120
46 611 121 122 123
47 611 121 127 126
48 611 122 121 127
49 611 122 123 124
50 611 123 124 126
51 611 124 126 127
52 611 143 144 145
53 611 143 148 147
54 611 144 143 148
55 611 144 145 146
56 611 145 146 147
57 611 146 147 148
58 611 149 150 151
59 611 149 155 154
60 611 150 149 155
61 611 150 151 152
62 611 151 152 154
63 611 152 154 155
64 611 171 172 173
65 611 171 176 175
66 611 172 171 176
67 611 172 173 174
68 611 173 174 175
69 611 174 175 176
70 611 177 178 179
71 611 177 183 182
72 611 178 177 183
73 611 178 179 180
74 611 179 180 182
75 611 180 182 183
76 611 197 211 201
77 611 198 197 211
78 611 200 201 211
79 611 205 206 207
80 611 205 210 209
81 611 206 205 210
82 611 206 207 208
83 611 207 208 209
84 611 208 209 210
85 611 224 238 228
86 611 225 224 238
87 611 227 228 238
88 611 232 233 234
89 611 232 237 236
90 611 233 232 237
91 611 233 234 235
92 611 234 235 236
93 611 235 236 237
94 611 253 254 255
95 611 253 258 257
96 611 254 253 258
97 611 254 255 256
98 611 255 256 257
99 611 256 257 258
100 611 259 260 261
101 611 259 265 264
102 611 260 259 265
103 611 260 261 262
104 611 261 262 264
105 611 262 264 265
106 611 279 293 283
107 611 280 279 293
108 611 282 283 293
109 611 287 288 289
110 611 287 292 291
111 611 288 287 292
112 611 288 289 290
113 611 289 290 291
114 611 290 291 292
115 611 306 320 310
116 611 307 306 320
117 611 309 310 320
118 611 314 315 316
119 611 314 319 318
120 611 315 314 319
121 611 315 316 317
122 611 316 317 318
123 611 317 318 319
124 611 333 347 337
125 611 334 333 347
126 611 336 337 347
127 611 341 342 343
128 611 341 346 345
129 611 342 341 346
130 611 342 343 344
131 611 343 344 345
132 611 344 345 346
133 611 360 374 364
134 611 361 360 374
135 611 363 364 374
136 611 368 369 370
137 611 368 373 372
138 611 369 368 373
139 611 369 370 371
140 611 370 371 372
141 611 371 372 373
142 611 389 390 391
143 611 389 394 393
144 611 390 389 394
145 611 390 391 392
146 611 391 392 393
147 611 392 393 394
148 611 395 396 397
149 611 395 401 400
150 611 396 395 401
151 611 396 397 398
152 611 397 398 400
153 611 398 400 401
154 611 417 418 419
155 611 417 422 421
156 611 418 417 422
157 611 418 419 420
158 611 419 420 421
159 611 420 421 422
160 611 423 424 425
161 611 423 429 428
162 611 424 423 429
163 611 424 425 426
164 611 425 426 428
165 611 426 428 429
166 611 445 446 447
167 611 445 450 449
168 611 446 445 450
169 611 446 447 448
170 611 447 448 449
171 611 448 449 450
172 611 451 452 453
173 611 451 457 456
174 611 452 451 457
175 611 452 453 454
176 611 453 454 456
177 611 454 456 457
178 611 471 485 475
179 611 472 471 485
180 611 474 475 485
181 611 479 480 481
182 611 479 484 483
183 611 480 479 484
184 611 480 481 482
185 611 481 482 483
186 611 482 483 484
187 611 500 501 502
188 611 500 505 504
189 611 501 500 505
190 611 501 502 503
191 611 502 503 504
192 611 503 504 505
193 611 506 507 508
194 611 506 512 511
195 611 507 506 512
196 611 507 508 509
197 611 508 509 511
198 611 509 511 512
199 611 528 529 530
200 611 528 533 532
201 611 529 528 533
202 611 529 530 531
203 611 530 531 532
204 611 531 532 533
205 611 534 535 536
206 611 534 540 539
207 611 535 534 540
208 611 535 536 537
209 611 536 537 539
210 611 537 539 540
211 611 556 557 558
212 611 556 561 560
213 611 557 556 561
214 611 557 558 559
215 611 558 559 560
216 611 559 560 561
217 611 562 563 564
218 611 562 568 567
219 611 563 562 568
220 611 563 564 565
221 611 564 565 567
222 611 565 567 568
223 611 584 585 586
224 611 584 589 588
225 611 585 584 589
226 611 585 586 587
227 611 586 587 588
228 611 587 588 589
229 611 590 591 592
230 611 590 596 595
231 611 591 590 596
232 611 591 592 593
233 611 592 593 595
234 611 593 595 596
235 611 610 624 614
236 611 611 610 624
237 611 613 614 624
238 611 618 619 620
239 611 618 623 622
240 611 619 618 623
241 611 619 620 621
242 611 620 621 622
243 611 621 622 623
244 611 637 651 641
245 611 638 637 651
246 611 640 641 651
247 611 645 646 647
248 611 645 650 649
249 611 646 645 650
250 611 646 647 648
251 611 647 648 649
252 611 648 649 650
253 611 666 667 668
254 611 666 671 670
255 611 667 666 671
256 611 667 668 669
257 611 668 669 670
258 611 669 670 671
259 611 672 673 674
260 611 672 678 677
261 611 673 672 678
262 611 673 674 675
263 611 674 675 677
264 611 675 677 678
265 611 694 695 696
266 611 694 699 698
267 611 695 694 699
268 611 695 696 697
269 611 696 697 698
270 611 697 698 699
271 611 700 701 702
272 611 700 706 705
273 611 701 700 706
274 611 701 702 703
275 611 702 703 705
276 611 703 705 706
277 611 720 734 724
278 611 721 720 734
279 611 723 724 734
280 611 728 729 730
281 611 728 733 732
282 611 729 728 733
283 611 729 730 731
284 611 730 731 732
285 611 731 732 733
286 611 747 761 751
287 611 748 747 761
288 611 750 751 761
289 611 755 756 757
290 611 755 760 759
291 611 756 755 760
292 611 756 757 758
293 611 757 758 759
294 611 758 759 760
295 611 774 788 778
296 611 775 774 788
297 611 777 778 788
298 611 782 783 784
299 611 782 787 786
300 611 783 782 787
301 611 783 784 785
302 611 784 785 786
303 611 785 786 787
304 611 803 804 805
305 611 803 808 807
306 611 804 803 808
307 611 804 805 806
308 611 805 806 807
309 611 806 807 808
310 611 809 810 811
311 611 809 815 814
312 611 810 809 815
313 611 810 811 812
314 611 811 812 814
315 611 812 814 815
316 611 831 832 833
317 611 831 836 835
318 611 832 831 836
319 611 832 833 834
320 611 833 834 835
321 611 834 835 836
322 611 837 838 839
323 611 837 843 842
324 611 838 837 843
325 611 838 839 840
326 611 839 840 842
327 611 840 842 843
328 611 857 871 861
329 611 858 857 871
330 611 860 861 871
331 611 865 866 867
332 611 865 870 869
333 611 866 865 870
334 611 866 867 868
335 611 867 868 869
336 611 868 869 870
337 611 886 887 888
338 611 886 891 890
339 611 887 886 891
340 611 887 888 889
341 611 888 889 890
342 611 889 890 891
343 611 892 893 894
344 611 892 898 897
345 611 893 892 898
346 611 893 894 895
347 611 894 895 897
348 611 895 897 898
349 611 912 926 916
350 611 913 912 926
351 611 915 916 926
352 611 920 921 922
353 611 920 925 924
354 611 921 920 925
355 611 921 922 923
356 611 922 923 924
357 611 923 924 925
358 611 941 942 943
359 611 941 946 945
360 611 942 941 946
361 611 942 943 944
362 611 943 944 945
363 611 944 945 946
364 611 947 948 949
365 611 947 953 952
366 611 948 947 953
367 611 948 949 950
368 611 949 950 952
369 611 950 952 953
370 611 969 970 971
371 611 969 974 973
372 611 970 969 974
373 611 970 971 972
374 611 971 972 973
375 611 972 973 974
376 611 975 976 977
377 611 975 981 980
378 611 976 975 981
379 611 976 977 978
380 611 977 978 980
381 611 978 980 981
382 611 995 1009 999
383 611 996 995 1009
384 611 998 999 1009
385 611 1003 1004 1005
386 611 1003 1008 1007
387 611 1004 1003 1008
388 611 1004 1005 1006
389 611 1005 1006 1007
390 611 1006 1007 1008
391 611 1022 1036 1026
392 611 1023 1022 1036
393 611 1025 1026 1036
394 611 1030 1031 1032
395 611 1030 1035 1034
396 611 1031 1030 1035
397 611 1031 1032 1033
398 611 1032 1033 1034
399 611 1033 1034 1035
400 611 1049 1063 1053
401 611 1050 1049 1063
402 611 1052 1053 1063
403 611 1057 1058 1059
404 611 1057 1062 1061
405 611 1058 1057 1062
406 611 1058 1059 1060
407 611 1059 1060 1061
408 611 1060 1061 1062
409 611 1078 1079 1080
410 611 1078 1083 1082
411 611 1079 1078 1083
412 611 1079 1080 1081
413 611 1080 1081 1082
414 611 1081 1082 1083
415 611 1084 1085 1086
416 611 1084 1090 1089
417 611 1085 1084 1090
418 611 1085 1086 1087
419 611 1086 1087 1089
420 611 1087 1089 1090
421 611 1104 1118 1108
422 611 1105 1104 1118
423 611 1107 1108 1118
424 611 1112 1113 1114
425 611 1112 1117 1116
426 611 1113 1112 1117
427 611 1113 1114 1115
428 611 1114 1115 1116
429 611 1115 1116 1117
430 611 1131 1145 1135
431 611 1132 1131 1145
432 611 1134 1135 1145
433 611 1139 1140 1141
434 611 1139 1144 1143
435 611 1140 1139 1144
436 611 1140 1141 1142
437 611 1141 1142 1143
438 611 1142 1143 1144
439 611 1160 1161 1162
440 611 1160 1165 1164
441 611 1161 1160 1165
442 611 1161 1162 1163
443 611 1162 1163 1164
444 611 1163 1164 1165
445 611 1166 1167 1168
446 611 1166 1172 1171
447 611 1167 1166 1172
448 611 1167 1168 1169
449 611 1168 1169 1171
450 611 1169 1171 1172
451 611 1186 1200 1190
452 611 1187 1186 1200
453 611 1189 1190 1200
454 611 1194 1195 1196
455 611 1194 1199 1198
456 611 1195 1194 1199
457 611 1195 1196 1197
458 611 1196 1197 1198
459 611 1197 1198 1199
460 611 1215 1216 1217
461 611 1215 1220 1219
462 611 1216 1215 1220
463 611 1216 1217 1218
464 611 1217 1218 1219
465 611 1218 1219 1220
466 611 1221 1222 1223
467 611 1221 1227 1226
468 611 1222 1221 1227
469 611 1222 1223 1224
470 611 1223 1224 1226
471 611 1224 1226 1227
472 611 1243 1244 1245
473 611 1243 1248 1247
474 611 1244 1243 1248
475 611 1244 1245 1246
476 611 1245 1246 1247
477 611 1246 1247 1248
478 611 1249 1250 1251
479 611 1249 1255 1254
480 611 1250 1249 1255
481 611 1250 1251 1252
482 611 1251 1252 1254
483 611 1252 1254 1255
484 611 1269 1283 1273
485 611 1270 1269 1283
486 611 1272 1273 1283
487 611 1277 1278 1279
488 611 1277 1282 1281
489 611 1278 1277 1282
490 611 1278 1279 1280
491 611 1279 1280 1281
492 611 1280 1281 1282
493 611 1296 1310 1300
494 611 1297 1296 1310
495 611 1299 1300 1310
496 611 1304 1305 1306
497 611 1304 1309 1308
498 611 1305 1304 1309
499 611 1305 1306 1307
500 611 1306 1307 1308
501 611 1307 1308 1309
502 611 1325 1326 1327
503 611 1325 1330 1329
504 611 1326 1325 1330
505 611 1326 1327 1328
506 611 1327 1328 1329
507 611 1328 1329 1330
508 611 1331 1332 1333
509 611 1331 1337 1336
510 611 1332 1331 1337
511 611 1332 1333 1334
512 611 1333 1334 1336
513 611 1334 1336 1337
514 611 1353 1354 1355
515 611 1353 1358 1357
516 611 1354 1353 1358
517 611 1354 1355 1356
518 611 1355 1356 1357
519 611 1356 1357 1358
520 611 1359 1360 1361
521 611 1359 1365 1364
522 611 1360 1359 1365
523 611 1360 1361 1362
524 611 1361 1362 1364
525 611 1362 1364 1365
526 624 4 5 19
527 624 8 7 20
528 624 59 60 74
529 624 63 62 75
530 624 86 87 101
531 624 90 89 102
532 624 197 198 212
533 624 201 200 213
534 624 224 225 239
535 624 228 227 240
536 624 279 280 294
537 624 283 282 295
538 624 306 307 321
539 624 310 309 322
540 624 333 334 348
541 624 337 336 349
542 624 360 361 375
543 624 364 363 376
544 624 471 472 486
545 624 475 474 487
546 624 610 611 625
547 624 614 613 626
548 624 637 638 652
549 624 641 640 653
550 624 720 721 735
551 624 724 723 736
552 624 747 748 762
553 624 751 750 763
554 624 774 775 789
555 624 778 777 790
556 624 857 858 872
557 624 861 860 873
558 624 912 913 927
559 624 916 915 928
560 624 995 996 1010
561 624 999 998 1011
562 624 1022 1023 1037
563 624 1026 1025 1038
564 624 1049 1050 1064
565 624 1053 1052 1065
566 624 1104 1105 1119
567 624 1108 1107 1120
568 624 1131 1132 1146
569 624 1135 1134 1147
570 624 1186 1187 1201
571 624 1190 1189 1202
572 624 1269 1270 1284
573 624 1273 1272 1285
574 624 1296 1297 1311
575 624 1300 1299 1312
576 625 4 18 27
577 625 8 18 27
578 625 12 13 22
579 625 12 17 26
580 625 13 14 23
581 625 14 13 22
582 625 15 14 23
583 625 15 16 25
584 625 16 17 26
585 625 17 16 25
586 625 33 34 47
587 625 33 38 51
588 625 34 35 48
589 625 35 34 47
590 625 36 35 48
591 625 36 37 50
592 625 37 38 51
593 625 38 37 50
594 625 39 40 52
595 625 39 45 55
596 625 40 41 53
597 625 41 40 52
598 625 42 41 53
599 625 42 44 54
600 625 44 45 55
601 625 45 44 54
602 625 59 73 82
603 625 63 73 82
604 625 67 68 77
605 625 67 72 81
606 625 68 69 78
607 625 69 68 77
608 625 70 69 78
609 625 70 71 80
610 625 71 72 81
611 625 72 71 80
612 625 86 100 109
613 625 90 100 109
614 625 94 95 104
615 625 94 99 108
616 625 95 96 105
617 625 96 95 104
618 625 97 96 105
619 625 97 98 107
620 625 98 99 108
621 625 99 98 107
622 625 115 116 129
623 625 115 120 133
624 625 116 117 130
625 625 117 116 129
626 625 118 117 130
627 625 118 119 132
628 625 119 120 133
629 625 120 119 132
630 625 121 122 134
631 625 121 127 137
632 625 122 123 135
633 625 123 122 134
634 625 124 123 135
635 625 124 126 136
636 625 126 127 137
637 625 127 126 136
638 625 143 144 157
639 625 143 148 161
640 625 144 145 158
641 625 145 144 157
642 625 146 145 158
643 625 146 147 160
644 625 147 148 161
645 625 148 147 160
646 625 149 150 162
647 625 149 155 165
648 625 150 151 163
649 625 151 150 162
650 625 152 151 163
651 625 152 154 164
652 625 154 155 165
653 625 155 154 164
654 625 171 172 185
655 625 171 176 189
656 625 172 173 186
657 625 173 172 185
658 625 174 173 186
659 625 174 175 188
660 625 175 176 189
661 625 176 175 188
662 625 177 178 190
663 625 177 183 193
664 625 178 179 191
665 625 179 178 190
666 625 180 179 191
667 625 180 182 192
668 625 182 183 193
669 625 183 182 192
670 625 197 211 220
671 625 201 211 220
672 625 205 206 215
673 625 205 210 219
674 625 206 207 216
675 625 207 206 215
676 625 208 207 216
677 625 208 209 218
678 625 209 210 219
679 625 210 209 218
680 625 224 238 247
681 625 228 238 247
682 625 232 233 242
683 625 232 237 246
684 625 233 234 243
685 625 234 233 242
686 625 235 234 243
687 625 235 236 245
688 625 236 237 246
689 625 237 236 245
690 625 253 254 267
691 625 253 258 271
692 625 254 255 268
693 625 255 254 267
694 625 256 255 268
695 625 256 257 270
696 625 257 258 271
697 625 258 257 270
698 625 259 260 272
699 625 259 265 275
700 625 260 261 273
701 625 261 260 272
702 625 262 261 273
703 625 262 264 274
704 625 264 265 275
705 625 265 264 274
706 625 279 293 302
707 625 283 293 302
708 625 287 288 297
709 625 287 292 301
710 625 288 289 298
711 625 289 288 297
712 625 290 289 298
713 625 290 291 300
714 625 291 292 301
715 625 292 291 300
716 625 306 320 329
717 625 310 320 329
718 625 314 315 324
719 625 314 319 328
720 625 315 316 325
721 625 316 315 324
722 625 317 316 325
723 625 317 318 327
724 625 318 319 328
725 625 319 318 327
726 625 333 347 356
727 625 337 347 356
728 625 341 342 351
729 625 341 346 355
730 625 342 343 352
731 625 343 342 351
732 625 344 343 352
733 625 344 345 354
734 625 345 346 355
735 625 346 345 354
736 625 360 374 383
737 625 364 374 383
738 625 368 369 378
739 625 368 373 382
740 625 369 370 379
741 625 370 369 378
742 625 371 370 379
743 625 371 372 381
744 625 372 373 382
745 625 373 372 381
746 625 389 390 403
747 625 389 394 407
748 625 390 391 404
749 625 391 390 403
750 625 392 391 404
751 625 392 393 406
752 625 393 394 407
753 625 394 393 406
754 625 395 396 408
755 625 395 401 411
756 625 396 397 409
757 625 397 396 408
758 625 398 397 409
759 625 398 400 410
760 625 400 401 411
761 625 401 400 410
762 625 417 418 431
763 625 417 422 435
764 625 418 419 432
765 625 419 418 431
766 625 420 419 432
767 625 420 421 434
768 625 421 422 435
769 625 422 421 434
770 625 423 424 436
771 625 423 429 439
772 625 424 425 437
773 625 425 424 436
774 625 426 425 437
775 625 426 428 438
776 625 428 429 439
777 625 429 428 438
778 625 445 446 459
779 625 445 450 463
780 625 446 447 460
781 625 447 446 459
782 625 448 447 460
783 625 448 449 462
784 625 449 450 463
785 625 450 449 462
786 625 451 452 464
787 625 451 457 467
788 625 452 453 465
789 625 453 452 464
790 625 454 453 465
791 625 454 456 466
792 625 456 457 467
793 625 457 456 466
794 625 471 485 494
795 625 475 485 494
796 625 479 480 489
797 625 479 484 493
798 625 480 481 490
799 625 481 480 489
800 625 482 481 490
801 625 482 483 492
802 625 483 484 493
803 625 484 483 492
804 625 500 501 514
805 625 500 505 518
806 625 501 502 515
807 625 502 501 514
808 625 503 502 515
809 625 503 504 517
810 625 504 505 518
811 625 505 504 517
812 625 506 507 519
813 625 506 512 522
814 625 507 508 520
815 625 508 507 519
816 625 509 508 520
817 625 509 511 521
818 625 511 512 522
819 625 512 511 521
820 625 528 529 542
821 625 528 533 546
822 625 529 530 543
823 625 530 529 542
824 625 531 530 543
825 625 531 532 545
826 625 532 533 546
827 625 533 532 545
828 625 534 535 547
829 625 534 540 550
830 625 535 536 548
831 625 536 535 547
832 625 537 536 548
833 625 537 539 549
834 625 539 540 550
835 625 540 539 549
836 625 556 557 570
837 625 556 561 574
838 625 557 558 571
839 625 558 557 570
840 625 559 558 571
841 625 559 560 573
842 625 560 561 574
843 625 561 560 573
844 625 562 563 575
845 625 562 568 578
846 625 563 564 576
847 625 564 563 575
848 625 565 564 576
849 625 565 567 577
850 625 567 568 578
851 625 568 567 577
852 625 584 585 598
853 625 584 589 602
854 625 585 586 599
855 625 586 585 598
856 625 587 586 599
857 625 587 588 601
858 625 588 589 602
859 625 589 588 601
860 625 590 591 603
861 625 590 596 606
862 625 591 592 604
863 625 592 591 603
864 625 593 592 604
865 625 593 595 605
866 625 595 596 606
867 625 596 595 605
868 625 610 624 633
869 625 614 624 633
870 625 618 619 628
871 625 618 623 632
872 625 619 620 629
873 625 620 619 628
874 625 621 620 629
875 625 621 622 631
876 625 622 623 632
877 625 623 622 631
878 625 637 651 660
879 625 641 651 660
880 625 645 646 655
881 625 645 650 659
882 625 646 647 656
883 625 647 646 655
884 625 648 647 656
885 625 648 649 658
886 625 649 650 659
887 625 650 649 658
888 625 666 667 680
889 625 666 671 684
890 625 667 668 681
891 625 668 667 680
892 625 669 668 681
893 625 669 670 683
894 625 670 671 684
895 625 671 670 683
896 625 672 673 685
897 625 672 678 688
898 625 673 674 686
899 625 674 673 685
900 625 675 674 686
901 625 675 677 687
902 625 677 678 688
903 625 678 677 687
904 625 694 695 708
905 625 694 699 712
906 625 695 696 709
907 625 696 695 708
908 625 697 696 709
909 625 697 698 711
910 625 698 699 712
911 625 699 698 711
912 625 700 701 713
913 625 700 706 716
914 625 701 702 714
915 625 702 701 713
916 625 703 702 714
917 625 703 705 715
918 625 705 706 716
919 625 706 705 715
920 625 720 734 743
921 625 724 734 743
922 625 728 729 738
923 625 728 733 742
924 625 729 730 739
925 625 730 729 738
926 625 731 730 739
927 625 731 732 741
928 625 732 733 742
929 625 733 732 741
930 625 747 761 770
931 625 751 761 770
932 625 755 756 765
933 625 755 760 769
934 625 756 757 766
935 625 757 756 765
936 625 758 757 766
937 625 758 759 768
938 625 759 760 769
939 625 760 759 768
940 625 774 788 797
941 625 778 788 797
942 625 782 783 792
943 625 782 787 796
944 625 783 784 793
945 625 784 783 792
946 625 785 784 793
947 625 785 786 795
948 625 786 787 796
949 625 787 786 795
950 625 803 804 817
951 625 803 808 821
952 625 804 805 818
953 625 805 804 817
954 625 806 805 818
955 625 806 807 820
956 625 807 808 821
957 625 808 807 820
958 625 809 810 822
959 625 809 815 825
960 625 810 811 823
961 625 811 810 822
962 625 812 811 823
963 625 812 814 824
964 625 814 815 825
965 625 815 814 824
966 625 831 832 845
967 625 831 836 849
968 625 832 833 846
969 625 833 832 845
970 625 834 833 846
971 625 834 835 848
972 625 835 836 849
973 625 836 835 848
974 625 837 838 850
975 625 837 843 853
976 625 838 839 851
977 625 839 838 850
978 625 840 839 851
979 625 840 842 852
980 625 842 843 853
981 625 843 842 852
982 625 857 871 880
983 625 861 871 880
984 625 865 866 875
985 625 865 870 879
986 625 866 867 876
987 625 867 866 875
988 625 868 867 876
989 625 868 869 878
990 625 869 870 879
991 625 870 869 878
992 625 886 887 900
993 625 886 891 904
994 625 887 888 901
995 625 888 887 900
996 625 889 888 901
997 625 889 890 903
998 625 890 891 904
999 625 891 890 903
1000 625 892 893 905
1001 625 892 898 908
1002 625 893 894 906
1003 625 894 893 905
1004 625 895 894 906
1005 625 895 897 907
1006 625 897 898 908
1007 625 898 897 907
1008 625 912 926 935
1009 625 916 926 935
1010 625 920 921 930
1011 625 920 925 934
1012 625 921 922 931
1013 625 922 921 930
1014 625 923 922 931
1015 625 923 924 933
1016 625 924 925 934
1017 625 925 924 933
1018 625 941 942 955
1019 625 941 946 959
1020 625 942 943 956
1021 625 943 942 955
1022 625 944 943 956
1023 625 944 945 958
1024 625 945 946 959
1025 625 946 945 958
1026 625 947 948 960
1027 625 947 953 963
1028 625 948 949 961
1029 625 949 948 960
1030 625 950 949 961
1031 625 950 952 962
1032 625 952 953 963
1033 625 953 952 962
1034 625 969 970 983
1035 625 969 974 987
1036 625 970 971 984
1037 625 971 970 983
1038 625 972 971 984
1039 625 972 973 986
1040 625 973 974 987
1041 625 974 973 986
1042 625 975 976 988
1043 625 975 981 991
1044 625 976 977 989
1045 625 977 976 988
1046 625 978 977 989
1047 625 978 980 990
1048 625 980 981 991
1049 625 981 980 990
1050 625 995 1009 1018
1051 625 999 1009 1018
1052 625 1003 1004 1013
1053 625 1003 1008 1017
1054 625 1004 1005 1014
1055 625 1005 1004 1013
1056 625 1006 1005 1014
1057 625 1006 1007 1016
1058 625 1007 1008 1017
1059 625 1008 1007 1016
1060 625 1022 1036 1045
1061 625 1026 1036 1045
1062 625 1030 1031 1040
1063 625 1030 1035 1044
1064 625 1031 1032 1041
1065 625 1032 1031 1040
1066 625 1033 1032 1041
1067 625 1033 1034 1043
1068 625 1034 1035 1044
1069 625 1035 1034 1043
1070 625 1049 1063 1072
1071 625 1053 1063 1072
1072 625 1057 1058 1067
1073 625 1057 1062 1071
1074 625 1058 1059 1068
1075 625 1059 1058 1067
1076 625 1060 1059 1068
1077 625 1060 1061 1070
1078 625 1061 1062 1071
1079 625 1062 1061 1070
1080 625 1078 1079 1092
1081 625 1078 1083 1096
1082 625 1079 1080 1093
1083 625 1080 1079 1092
1084 625 1081 1080 1093
1085 625 1081 1082 1095
1086 625 1082 1083 1096
1087 625 1083 1082 1095
1088 625 1084 1085 1097
1089 625 1084 1090 1100
1090 625 1085 1086 1098
1091 625 1086 1085 1097
1092 625 1087 1086 1098
1093 625 1087 1089 1099
1094 625 1089 1090 1100
1095 625 1090 1089 1099
1096 625 1104 1118 1127
1097 625 1108 1118 1127
1098 625 1112 1113 1122
1099 625 1112 1117 1126
1100 625 1113 1114 1123
1101 625 1114 1113 1122
1102 625 1115 1114 1123
1103 625 1115 1116 1125
1104 625 1116 1117 1126
1105 625 1117 1116 1125
1106 625 1131 1145 1154
1107 625 1135 1145 1154
1108 625 1139 1140 1149
1109 625 1139 1144 1153
1110 625 1140 1141 1150
1111 625 1141 1140 1149
1112 625 1142 1141 1150
1113 625 1142 1143 1152
1114 625 1143 1144 1153
1115 625 1144 1143 1152
1116 625 1160 1161 1174
1117 625 1160 1165 1178
1118 625 1161 1162 1175
1119 625 1162 1161 1174
1120 625 1163 1162 1175
1121 625 1163 1164 1177
1122 625 1164 1165 1178
1123 625 1165 1164 1177
1124 625 1166 1167 1179
1125 625 1166 1172 1182
1126 625 1167 1168 1180
1127 625 1168 1167 1179
1128 625 1169 1168 1180
1129 625 1169 1171 1181
1130 625 1171 1172 1182
1131 625 1172 1171 1181
1132 625 1186 1200 1209
1133 625 1190 1200 1209
1134 625 1194 1195 1204
1135 625 1194 1199 1208
1136 625 1195 1196 1205
1137 625 1196 1195 1204
1138 625 1197 1196 1205
1139 625 1197 1198 1207
1140 625 1198 1199 1208
1141 625 1199 1198 1207
1142 625 1215 1216 1229
1143 625 1215 1220 1233
1144 625 1216 1217 1230
1145 625 1217 1216 1229
1146 625 1218 1217 1230
1147 625 1218 1219 1232
1148 625 1219 1220 1233
1149 625 1220 1219 1232
1150 625 1221 1222 1234
1151 625 1221 1227 1237
1152 625 1222 1223 1235
1153 625 1223 1222 1234
1154 625 1224 1223 1235
1155 625 1224 1226 1236
1156 625 1226 1227 1237
1157 625 1227 1226 1236
1158 625 1243 1244 1257
1159 625 1243 1248 1261
1160 625 1244 1245 1258
1161 625 1245 1244 1257
1162 625 1246 1245 1258
1163 625 1246 1247 1260
1164 625 1247 1248 1261
1165 625 1248 1247 1260
1166 625 1249 1250 1262
1167 625 1249 1255 1265
1168 625 1250 1251 1263
1169 625 1251 1250 1262
1170 625 1252 1251 1263
1171 625 1252 1254 1264
1172 625 1254 1255 1265
1173 625 1255 1254 1264
1174 625 1269 1283 1292
1175 625 1273 1283 1292
1176 625 1277 1278 1287
1177 625 1277 1282 1291
1178 625 1278 1279 1288
1179 625 1279 1278 1287
1180 625 1280 1279 1288
1181 625 1280 1281 1290
1182 625 1281 1282 1291
1183 625 1282 1281 1290
1184 625 1296 1310 1319
1185 625 1300 1310 1319
1186 625 1304 1305 1314
1187 625 1304 1309 1318
1188 625 1305 1306 1315
1189 625 1306 1305 1314
1190 625 1307 1306 1315
1191 625 1307 1308 1317
1192 625 1308 1309 1318
1193 625 1309 1308 1317
1194 625 1325 1326 1339
1195 625 1325 1330 1343
1196 625 1326 1327 1340
1197 625 1327 1326 1339
1198 625 1328 1327 1340
1199 625 1328 1329 1342
1200 625 1329 1330 1343
1201 625 1330 1329 1342
1202 625 1331 1332 1344
1203 625 1331 1337 1347
1204 625 1332 1333 1345
1205 625 1333 1332 1344
1206 625 1334 1333 1345
1207 625 1334 1336 1346
1208 625 1336 1337 1347
1209 625 1337 1336 1346
1210 625 1353 1354 1367
1211 625 1353 1358 1371
1212 625 1354 1355 1368
1213 625 1355 1354 1367
1214 625 1356 1355 1368
1215 625 1356 1357 1370
1216 625 1357 1358 1371
1217 625 1358 1357 1370
1218 625 1359 1360 1372
1219 625 1359 1365 1375
1220 625 1360 1361 1373
1221 625 1361 1360 1372
1222 625 1362 1361 1373
1223 625 1362 1364 1374
1224 625 1364 1365 1375
1225 625 1365 1364 1374
1226 630 11 12 13
1227 630 1 15 14
1228 630 1 15 16
1229 630 11 12 17
1230 630 32 33 34
1231 630 28 36 35
1232 630 28 36 37
1233 630 32 33 38
1234 630 66 67 68
1235 630 56 70 69
1236 630 56 70 71
1237 630 66 67 72
1238 630 93 94 95
1239 630 83 97 96
1240 630 83 97 98
1241 630 93 94 99
1242 630 114 115 116
1243 630 110 118 117
1244 630 110 118 119
1245 630 114 115 120
1246 630 142 143 144
1247 630 138 146 145
1248 630 138 146 147
1249 630 142 143 148
1250 630 170 171 172
1251 630 166 174 173
1252 630 166 174 175
1253 630 170 171 176
1254 630 204 205 206
1255 630 194 208 207
1256 630 194 208 209
1257 630 204 205 210
1258 630 231 232 233
1259 630 221 235 234
1260 630 221 235 236
1261 630 231 232 237
1262 630 252 253 254
1263 630 248 256 255
1264 630 248 256 257
1265 630 252 253 258
1266 630 286 287 288
1267 630 276 290 289
1268 630 276 290 291
1269 630 286 287 292
1270 630 313 314 315
1271 630 303 317 316
1272 630 303 317 318
1273 630 313 314 319
1274 630 340 341 342
1275 630 330 344 343
1276 630 330 344 345
1277 630 340 341 346
1278 630 367 368 369
1279 630 357 371 370
1280 630 357 371 372
1281 630 367 368 373
1282 630 388 389 390
1283 630 384 392 391
1284 630 384 392 393
1285 630 388 389 394
1286 630 416 417 418
1287 630 412 420 419
1288 630 412 420 421
1289 630 416 417 422
1290 630 444 445 446
1291 630 440 448 447
1292 630 440 448 449
1293 630 444 445 450
1294 630 478 479 480
1295 630 468 482 481
1296 630 468 482 483
1297 630 478 479 484
1298 630 499 500 501
1299 630 495 503 502
1300 630 495 503 504
1301 630 499 500 505
1302 630 527 528 529
1303 630 523 531 530
1304 630 523 531 532
1305 630 527 528 533
1306 630 555 556 557
1307 630 551 559 558
1308 630 551 559 560
1309 630 555 556 561
1310 630 583 584 585
1311 630 579 587 586
1312 630 579 587 588
1313 630 583 584 589
1314 630 617 618 619
1315 630 607 621 620
1316 630 607 621 622
1317 630 617 618 623
1318 630 644 645 646
1319 630 634 648 647
1320 630 634 648 649
1321 630 644 645 650
1322 630 665 666 667
1323 630 661 669 668
1324 630 661 669 670
1325 630 665 666 671
1326 630 693 694 695
1327 630 689 697 696
1328 630 689 697 698
1329 630 693 694 699
1330 630 727 728 729
1331 630 717 731 730
1332 630 717 731 732
1333 630 727 728 733
1334 630 754 755 756
1335 630 744 758 757
1336 630 744 758 759
1337 630 754 755 760
1338 630 781 782 783
1339 630 771 785 784
1340 630 771 785 786
1341 630 781 782 787
1342 630 802 803 804
1343 630 798 806 805
1344 630 798 806 807
1345 630 802 803 808
1346 630 830 831 832
1347 630 826 834 833
1348 630 826 834 835
1349 630 830 831 836
1350 630 864 865 866
1351 630 854 868 867
1352 630 854 868 869
1353 630 864 865 870
1354 630 885 886 887
1355 630 881 889 888
1356 630 881 889 890
1357 630 885 886 891
1358 630 919 920 921
1359 630 909 923 922
1360 630 909 923 924
1361 630 919 920 925
1362 630 940 941 942
1363 630 936 944 943
1364 630 936 944 945
1365 630 940 941 946
1366 630 968 969 970
1367 630 964 972 971
1368 630 964 972 973
1369 630 968 969 974
1370 630 1002 1003 1004
1371 630 992 1006 1005
1372 630 992 1006 1007
1373 630 1002 1003 1008
1374 630 1029 1030 1031
1375 630 1019 1033 1032
1376 630 1019 1033 1034
1377 630 1029 1030 1035
1378 630 1056 1057 1058
1379 630 1046 1060 1059
1380 630 1046 1060 1061
1381 630 1056 1057 1062
1382 630 1077 1078 1079
1383 630 1073 1081 1080
1384 630 1073 1081 1082
1385 630 1077 1078 1083
1386 630 1111 1112 1113
1387 630 1101 1115 1114
1388 630 1101 1115 1116
1389 630 1111 1112 1117
1390 630 1138 1139 1140
1391 630 1128 1142 1141
1392 630 1128 1142 1143
1393 630 1138 1139 1144
1394 630 1159 1160 1161
1395 630 1155 1163 1162
1396 630 1155 1163 1164
1397 630 1159 1160 1165
1398 630 1193 1194 1195
1399 630 1183 1197 1196
1400 630 1183 1197 1198
1401 630 1193 1194 1199
1402 630 1214 1215 1216
1403 630 1210 1218 1217
1404 630 1210 1218 1219
1405 630 1214 1215 1220
1406 630 1242 1243 1244
1407 630 1238 1246 1245
1408 630 1238 1246 1247
1409 630 1242 1243 1248
1410 630 1276 1277 1278
1411 630 1266 1280 1279
1412 630 1266 1280 1281
1413 630 1276 1277 1282
1414 630 1303 1304 1305
1415 630 1293 1307 1306
1416 630 1293 1307 1308
1417 630 1303 1304 1309
1418 630 1324 1325 1326
1419 630 1320 1328 1327
1420 630 1320 1328 1329
1421 630 1324 1325 1330
1422 630 1352 1353 1354
1423 630 1348 1356 1355
1424 630 1348 1356 1357
1425 630 1352 1353 1358
1426 632 4 5 6
1427 632 6 7 8
1428 632 59 60 61
1429 632 61 62 63
1430 632 86 87 88
1431 632 88 89 90
1432 632 197 198 199
1433 632 199 200 201
1434 632 224 225 226
1435 632 226 227 228
1436 632 279 280 281
1437 632 281 282 283
1438 632 306 307 308
1439 632 308 309 310
1440 632 333 334 335
1441 632 335 336 337
1442 632 360 361 362
1443 632 362 363 364
1444 632 471 472 473
1445 632 473 474 475
1446 632 610 611 612
1447 632 612 613 614
1448 632 637 638 639
1449 632 639 640 641
1450 632 720 721 722
1451 632 722 723 724
1452 632 747 748 749
1453 632 749 750 751
1454 632 774 775 776
1455 632 776 777 778
1456 632 857 858 859
1457 632 859 860 861
1458 632 912 913 914
1459 632 914 915 916
1460 632 995 996 997
1461 632 997 998 999
1462 632 1022 1023 1024
1463 632 1024 1025 1026
1464 632 1049 1050 1051
1465 632 1051 1052 1053
1466 632 1104 1105 1106
1467 632 1106 1107 1108
1468 632 1131 1132 1133
1469 632 1133 1134 1135
1470 632 1186 1187 1188
1471 632 1188 1189 1190
1472 632 1269 1270 1271
1473 632 1271 1272 1273
1474 632 1296 1297 1298
1475 632 1298 1299 1300
1476 659 2 4 5
1477 659 2 4 18
1478 659 7 8 9
1479 659 9 8 18
1480 659 29 42 41
1481 659 29 42 44
1482 659 31 39 40
1483 659 31 39 45
1484 659 57 59 60
1485 659 57 59 73
1486 659 62 63 64
1487 659 64 63 73
1488 659 84 86 87
1489 659 84 86 100
1490 659 89 90 91
1491 659 91 90 100
1492 659 111 124 123
1493 659 111 124 126
1494 659 113 121 122
1495 659 113 121 127
1496 659 139 152 151
1497 659 139 152 154
1498 659 141 149 150
1499 659 141 149 155
1500 659 167 180 179
1501 659 167 180 182
1502 659 169 177 178
1503 659 169 177 183
1504 659 195 197 198
1505 659 195 197 211
1506 659 200 201 202
1507 659 202 201 211
1508 659 222 224 225
1509 659 222 224 238
1510 659 227 228 229
1511 659 229 228 238
1512 659 249 262 261
1513 659 249 262 264
1514 659 251 259 260
1515 659 251 259 265
1516 659 277 279 280
1517 659 277 279 293
1518 659 282 283 284
1519 659 284 283 293
1520 659 304 306 307
1521 659 304 306 320
1522 659 309 310 311
1523 659 311 310 320
1524 659 331 333 334
1525 659 331 333 347
1526 659 336 337 338
1527 659 338 337 347
1528 659 358 360 361
1529 659 358 360 374
1530 659 363 364 365
1531 659 365 364 374
1532 659 385 398 397
1533 659 385 398 400
1534 659 387 395 396
1535 659 387 395 401
1536 659 413 426 425
1537 659 413 426 428
1538 659 415 423 424
1539 659 415 423 429
1540 659 441 454 453
1541 659 441 454 456
1542 659 443 451 452
1543 659 443 451 457
1544 659 469 471 472
1545 659 469 471 485
1546 659 474 475 476
1547 659 476 475 485
1548 659 496 509 508
1549 659 496 509 511
1550 659 498 506 507
1551 659 498 506 512
1552 659 524 537 536
1553 659 524 537 539
1554 659 526 534 535
1555 659 526 534 540
1556 659 552 565 564
1557 659 552 565 567
1558 659 554 562 563
1559 659 554 562 568
1560 659 580 593 592
1561 659 580 593 595
1562 659 582 590 591
1563 659 582 590 596
1564 659 608 610 611
1565 659 608 610 624
1566 659 613 614 615
1567 659 615 614 624
1568 659 635 637 638
1569 659 635 637 651
1570 659 640 641 642
1571 659 642 641 651
1572 659 662 675 674
1573 659 662 675 677
1574 659 664 672 673
1575 659 664 672 678
1576 659 690 703 702
1577 659 690 703 705
1578 659 692 700 701
1579 659 692 700 706
1580 659 718 720 721
1581 659 718 720 734
1582 659 723 724 725
1583 659 725 724 734
1584 659 745 747 748
1585 659 745 747 761
1586 659 750 751 752
1587 659 752 751 761
1588 659 772 774 775
1589 659 772 774 788
1590 659 777 778 779
1591 659 779 778 788
1592 659 799 812 811
1593 659 799 812 814
1594 659 801 809 810
1595 659 801 809 815
1596 659 827 840 839
1597 659 827 840 842
1598 659 829 837 838
1599 659 829 837 843
1600 659 855 857 858
1601 659 855 857 871
1602 659 860 861 862
1603 659 862 861 871
1604 659 882 895 894
1605 659 882 895 897
1606 659 884 892 893
1607 659 884 892 898
1608 659 910 912 913
1609 659 910 912 926
1610 659 915 916 917
1611 659 917 916 926
1612 659 937 950 949
1613 659 937 950 952
1614 659 939 947 948
1615 659 939 947 953
1616 659 965 978 977
1617 659 965 978 980
1618 659 967 975 976
1619 659 967 975 981
1620 659 993 995 996
1621 659 993 995 1009
1622 659 998 999 1000
1623 659 1000 999 1009
1624 659 1020 1022 1023
1625 659 1020 1022 1036
1626 659 1025 1026 1027
1627 659 1027 1026 1036
1628 659 1047 1049 1050
1629 659 1047 1049 1063
1630 659 1052 1053 1054
1631 659 1054 1053 1063
1632 659 1074 1087 1086
1633 659 1074 1087 1089
1634 659 1076 1084 1085
1635 659 1076 1084 1090
1636 659 1102 1104 1105
1637 659 1102 1104 1118
1638 659 1107 1108 1109
1639 659 1109 1108 1118
1640 659 1129 1131 1132
1641 659 1129 1131 1145
1642 659 1134 1135 1136
1643 659 1136 1135 1145
1644 659 1156 1169 1168
1645 659 1156 1169 1171
1646 659 1158 1166 1167
1647 659 1158 1166 1172
1648 659 1184 1186 1187
1649 659 1184 1186 1200
1650 659 1189 1190 1191
1651 659 1191 1190 1200
1652 659 1211 1224 1223
1653 659 1211 1224 1226
1654 659 1213 1221 1222
1655 659 1213 1221 1227
1656 659 1239 1252 1251
1657 659 1239 1252 1254
1658 659 1241 1249 1250
1659 659 1241 1249 1255
1660 659 1267 1269 1270
1661 659 1267 1269 1283
1662 659 1272 1273 1274
1663 659 1274 1273 1283
1664 659 1294 1296 1297
1665 659 1294 1296 1310
1666 659 1299 1300 1301
1667 659 1301 1300 1310
1668 659 1321 1334 1333
1669 659 1321 1334 1336
1670 659 1323 1331 1332
1671 659 1323 1331 1337
1672 659 1349 1362 1361
1673 659 1349 1362 1364
1674 659 1351 1359 1360
1675 659 1351 1359 1365
1676 689 6 5 19
1677 689 6 7 20
1678 689 61 60 74
1679 689 61 62 75
1680 689 88 87 101
1681 689 88 89 102
1682 689 199 198 212
1683 689 199 200 213
1684 689 226 225 239
1685 689 226 227 240
1686 689 281 280 294
1687 689 281 282 295
1688 689 308 307 321
1689 689 308 309 322
1690 689 335 334 348
1691 689 335 336 349
1692 689 362 361 375
1693 689 362 363 376
1694 689 473 472 486
1695 689 473 474 487
1696 689 612 611 625
1697 689 612 613 626
1698 689 639 638 652
1699 689 639 640 653
1700 689 722 721 735
1701 689 722 723 736
1702 689 749 748 762
1703 689 749 750 763
1704 689 776 775 789
1705 689 776 777 790
1706 689 859 858 872
1707 689 859 860 873
1708 689 914 913 927
1709 689 914 915 928
1710 689 997 996 1010
1711 689 997 998 1011
1712 689 1024 1023 1037
1713 689 1024 1025 1038
1714 689 1051 1050 1064
1715 689 1051 1052 1065
1716 689 1106 1105 1119
1717 689 1106 1107 1120
1718 689 1133 1132 1146
1719 689 1133 1134 1147
1720 689 1188 1187 1201
1721 689 1188 1189 1202
1722 689 1271 1270 1284
1723 689 1271 1272 1285
1724 689 1298 1297 1311
1725 689 1298 1299 1312
1726 785 4 2 28
1727 785 8 9 11
1728 785 32 31 39
1729 785 42 29 56
1730 785 59 57 83
1731 785 63 64 66
1732 785 86 84 110
1733 785 90 91 93
1734 785 114 113 121
1735 785 124 111 138
1736 785 142 141 149
1737 785 152 139 166
1738 785 170 169 177
1739 785 180 167 194
1740 785 197 195 221
1741 785 201 202 204
1742 785 224 222 248
1743 785 228 229 231
1744 785 252 251 259
1745 785 1 249 262
1746 785 279 277 303
1747 785 283 284 286
1748 785 306 304 330
1749 785 310 311 313
1750 785 333 331 357
1751 785 337 338 340
1752 785 360 358 384
1753 785 364 365 367
1754 785 388 387 395
1755 785 398 385 412
1756 785 416 415 423
1757 785 426 413 440
1758 785 444 443 451
1759 785 454 441 468
1760 785 471 469 495
1761 785 475 476 478
1762 785 499 498 506
1763 785 509 496 523
1764 785 527 526 534
1765 785 276 524 537
1766 785 555 554 562
1767 785 565 552 579
1768 785 583 582 590
1769 785 593 580 607
1770 785 610 608 634
1771 785 614 615 617
1772 785 637 635 661
1773 785 641 642 644
1774 785 665 664 672
1775 785 675 662 689
1776 785 693 692 700
1777 785 703 690 717
1778 785 720 718 744
1779 785 724 725 727
1780 785 747 745 771
1781 785 751 752 754
1782 785 774 772 798
1783 785 778 779 781
1784 785 802 801 809
1785 785 551 799 812
1786 785 830 829 837
1787 785 840 827 854
1788 785 857 855 881
1789 785 861 862 864
1790 785 885 884 892
1791 785 895 882 909
1792 785 912 910 936
1793 785 916 917 919
1794 785 940 939 947
1795 785 950 937 964
1796 785 968 967 975
1797 785 978 965 992
1798 785 995 993 1019
1799 785 999 1000 1002
1800 785 1022 1020 1046
1801 785 1026 1027 1029
1802 785 1049 1047 1073
1803 785 1053 1054 1056
1804 785 1077 1076 1084
1805 785 826 1074 1087
1806 785 1104 1102 1128
1807 785 1108 1109 1111
1808 785 1131 1129 1155
1809 785 1135 1136 1138
1810 785 1159 1158 1166
1811 785 1169 1156 1183
1812 785 1186 1184 1210
1813 785 1190 1191 1193
1814 785 1214 1213 1221
1815 785 1224 1211 1238
1816 785 1242 1241 1249
1817 785 1252 1239 1266
1818 785 1269 1267 1293
1819 785 1273 1274 1276
1820 785 1296 1294 1320
1821 785 1300 1301 1303
1822 785 1324 1323 1331
1823 785 1334 1321 1348
1824 785 1352 1351 1359
1825 785 1101 1349 1362
1826 787 3 2 4
1827 787 8 9 10
1828 787 30 31 39
1829 787 42 29 43
1830 787 58 57 59
1831 787 63 64 65
1832 787 85 84 86
1833 787 90 91 92
1834 787 112 113 121
1835 787 124 111 125
1836 787 140 141 149
1837 787 152 139 153
1838 787 168 169 177
1839 787 180 167 181
1840 787 196 195 197
1841 787 201 202 203
1842 787 223 222 224
1843 787 228 229 230
1844 787 250 251 259
1845 787 262 249 263
1846 787 278 277 279
1847 787 283 284 285
1848 787 305 304 306
1849 787 310 311 312
1850 787 332 331 333
1851 787 337 338 339
1852 787 359 358 360
1853 787 364 365 366
1854 787 386 387 395
1855 787 398 385 399
1856 787 414 415 423
1857 787 426 413 427
1858 787 442 443 451
1859 787 454 441 455
1860 787 470 469 471
1861 787 475 476 477
1862 787 497 498 506
1863 787 509 496 510
1864 787 525 526 534
1865 787 537 524 538
1866 787 553 554 562
1867 787 565 552 566
1868 787 581 582 590
1869 787 593 580 594
1870 787 609 608 610
1871 787 614 615 616
1872 787 636 635 637
1873 787 641 642 643
1874 787 663 664 672
1875 787 675 662 676
1876 787 691 692 700
1877 787 703 690 704
1878 787 719 718 720
1879 787 724 725 726
1880 787 746 745 747
1881 787 751 752 753
1882 787 773 772 774
1883 787 778 779 780
1884 787 800 801 809
1885 787 812 799 813
1886 787 828 829 837
1887 787 840 827 841
1888 787 856 855 857
1889 787 861 862 863
1890 787 883 884 892
1891 787 895 882 896
1892 787 911 910 912
1893 787 916 917 918
1894 787 938 939 947
1895 787 950 937 951
1896 787 966 967 975
1897 787 978 965 979
1898 787 994 993 995
1899 787 999 1000 1001
1900 787 1021 1020 1022
1901 787 1026 1027 1028
1902 787 1048 1047 1049
1903 787 1053 1054 1055
1904 787 1075 1076 1084
1905 787 1087 1074 1088
1906 787 1103 1102 1104
1907 787 1108 1109 1110
1908 787 1130 1129 1131
1909 787 1135 1136 1137
1910 787 1157 1158 1166
1911 787 1169 1156 1170
1912 787 1185 1184 1186
1913 787 1190 1191 1192
1914 787 1212 1213 1221
1915 787 1224 1211 1225
1916 787 1240 1241 1249
1917 787 1252 1239 1253
1918 787 1268 1267 1269
1919 787 1273 1274 1275
1920 787 1295 1294 1296
1921 787 1300 1301 1302
1922 787 1322 1323 1331
1923 787 1334 1321 1335
1924 787 1350 1351 1359
1925 787 1362 1349 1363
1926 1379 1 249 263
1927 1379 10 9 11
1928 1379 3 2 28
1929 1379 30 31 32
1930 1379 43 29 56
1931 1379 65 64 66
1932 1379 58 57 83
1933 1379 92 91 93
1934 1379 85 84 110
1935 1379 112 113 114
1936 1379 125 111 138
1937 1379 140 141 142
1938 1379 153 139 166
1939 1379 168 169 170
1940 1379 181 167 194
1941 1379 203 202 204
1942 1379 196 195 221
1943 1379 230 229 231
1944 1379 223 222 248
1945 1379 250 251 252
1946 1379 276 524 538
1947 1379 285 284 286
1948 1379 278 277 303
1949 1379 312 311 313
1950 1379 305 304 330
1951 1379 339 338 340
1952 1379 332 331 357
1953 1379 366 365 367
1954 1379 359 358 384
1955 1379 386 387 388
1956 1379 399 385 412
1957 1379 414 415 416
1958 1379 427 413 440
1959 1379 442 443 444
1960 1379 455 441 468
1961 1379 477 476 478
1962 1379 470 469 495
1963 1379 497 498 499
1964 1379 510 496 523
1965 1379 525 526 527
1966 1379 551 799 813
1967 1379 553 554 555
1968 1379 566 552 579
1969 1379 581 582 583
1970 1379 594 580 607
1971 1379 616 615 617
1972 1379 609 608 634
1973 1379 643 642 644
1974 1379 636 635 661
1975 1379 663 664 665
1976 1379 676 662 689
1977 1379 691 692 693
1978 1379 704 690 717
1979 1379 726 725 727
1980 1379 719 718 744
1981 1379 753 752 754
1982 1379 746 745 771
1983 1379 780 779 781
1984 1379 773 772 798
1985 1379 800 801 802
1986 1379 826 1074 1088
1987 1379 828 829 830
1988 1379 841 827 854
1989 1379 863 862 864
1990 1379 856 855 881
1991 1379 883 884 885
1992 1379 896 882 909
1993 1379 918 917 919
1994 1379 911 910 936
1995 1379 938 939 940
1996 1379 951 937 964
1997 1379 966 967 968
1998 1379 979 965 992
1999 1379 1001 1000 1002
2000 1379 994 993 1019
2001 1379 1028 1027 1029
2002 1379 1021 1020 1046
2003 1379 1055 1054 1056
2004 1379 1048 1047 1073
2005 1379 1075 1076 1077
2006 1379 1101 1349 1363
2007 1379 1110 1109 1111
2008 1379 1103 1102 1128
2009 1379 1137 1136 1138
2010 1379 1130 1129 1155
2011 1379 1157 1158 1159
2012 1379 1170 1156 1183
2013 1379 1192 1191 1193
2014 1379 1185 1184 1210
2015 1379 1212 1213 1214
2016 1379 1225 1211 1238
2017 1379 1240 1241 1242
2018 1379 1253 1239 1266
2019 1379 1275 1274 1276
2020 1379 1268 1267 1293
2021 1379 1302 1301 1303
2022 1379 1295 1294 1320
2023 1379 1322 1323 1324
2024 1379 1335 1321 1348
2025 1379 1350 1351 1352
2026 2325 5 6 7
2027 2325 60 61 62
2028 2325 87 88 89
2029 2325 198 199 200
2030 2325 225 226 227
2031 2325 280 281 282
2032 2325 307 308 309
2033 2325 334 335 336
2034 2325 361 362 363
2035 2325 472 473 474
2036 2325 611 612 613
2037 2325 638 639 640
2038 2325 721 722 723
2039 2325 748 749 750
2040 2325 775 776 777
2041 2325 858 859 860
2042 2325 913 914 915
2043 2325 996 997 998
2044 2325 1023 1024 1025
2045 2325 1050 1051 1052
2046 2325 1105 1106 1107
2047 2325 1132 1133 1134
2048 2325 1187 1188 1189
2049 2325 1270 1271 1272
2050 2325 1297 1298 1299
2051 2364 12 11 21
2052 2364 15 1 24
2053 2364 33 32 46
2054 2364 36 28 49
2055 2364 67 66 76
2056 2364 70 56 79
2057 2364 94 93 103
2058 2364 97 83 106
2059 2364 115 114 128
2060 2364 118 110 131
2061 2364 143 142 156
2062 2364 146 138 159
2063 2364 171 170 184
2064 2364 174 166 187
2065 2364 205 204 214
2066 2364 208 194 217
2067 2364 232 231 241
2068 2364 235 221 244
2069 2364 253 252 266
2070 2364 256 248 269
2071 2364 287 286 296
2072 2364 290 276 299
2073 2364 314 313 323
2074 2364 317 303 326
2075 2364 341 340 350
2076 2364 344 330 353
2077 2364 368 367 377
2078 2364 371 357 380
2079 2364 389 388 402
2080 2364 392 384 405
2081 2364 417 416 430
2082 2364 420 412 433
2083 2364 445 444 458
2084 2364 448 440 461
2085 2364 479 478 488
2086 2364 482 468 491
2087 2364 500 499 513
2088 2364 503 495 516
2089 2364 528 527 541
2090 2364 531 523 544
2091 2364 556 555 569
2092 2364 559 551 572
2093 2364 584 583 597
2094 2364 587 579 600
2095 2364 618 617 627
2096 2364 621 607 630
2097 2364 645 644 654
2098 2364 648 634 657
2099 2364 666 665 679
2100 2364 669 661 682
2101 2364 694 693 707
2102 2364 697 689 710
2103 2364 728 727 737
2104 2364 731 717 740
2105 2364 755 754 764
2106 2364 758 744 767
2107 2364 782 781 791
2108 2364 785 771 794
2109 2364 803 802 816
2110 2364 806 798 819
2111 2364 831 830 844
2112 2364 834 826 847
2113 2364 865 864 874
2114 2364 868 854 877
2115 2364 886 885 899
2116 2364 889 881 902
2117 2364 920 919 929
2118 2364 923 909 932
2119 2364 941 940 954
2120 2364 944 936 957
2121 2364 969 968 982
2122 2364 972 964 985
2123 2364 1003 1002 1012
2124 2364 1006 992 1015
2125 2364 1030 1029 1039
2126 2364 1033 1019 1042
2127 2364 1057 1056 1066
2128 2364 1060 1046 1069
2129 2364 1078 1077 1091
2130 2364 1081 1073 1094
2131 2364 1112 1111 1121
2132 2364 1115 1101 1124
2133 2364 1139 1138 1148
2134 2364 1142 1128 1151
2135 2364 1160 1159 1173
2136 2364 1163 1155 1176
2137 2364 1194 1193 1203
2138 2364 1197 1183 1206
2139 2364 1215 1214 1228
2140 2364 1218 1210 1231
2141 2364 1243 1242 1256
2142 2364 1246 1238 1259
2143 2364 1277 1276 1286
2144 2364 1280 1266 1289
2145 2364 1304 1303 1313
2146 2364 1307 1293 1316
2147 2364 1325 1324 1338
2148 2364 1328 1320 1341
2149 2364 1353 1352 1366
2150 2364 1356 1348 1369
2151 2383 2 28 36
2152 2383 9 11 12
2153 2383 29 56 70
2154 2383 31 32 33
2155 2383 57 83 97
2156 2383 64 66 67
2157 2383 84 110 118
2158 2383 91 93 94
2159 2383 111 138 146
2160 2383 113 114 115
2161 2383 139 166 174
2162 2383 141 142 143
2163 2383 167 194 208
2164 2383 169 170 171
2165 2383 195 221 235
2166 2383 202 204 205
2167 2383 222 248 256
2168 2383 229 231 232
2169 2383 15 1 249
2170 2383 251 252 253
2171 2383 277 303 317
2172 2383 284 286 287
2173 2383 304 330 344
2174 2383 311 313 314
2175 2383 331 357 371
2176 2383 338 340 341
2177 2383 358 384 392
2178 2383 365 367 368
2179 2383 385 412 420
2180 2383 387 388 389
2181 2383 413 440 448
2182 2383 415 416 417
2183 2383 441 468 482
2184 2383 443 444 445
2185 2383 469 495 503
2186 2383 476 478 479
2187 2383 496 523 531
2188 2383 498 499 500
2189 2383 290 276 524
2190 2383 526 527 528
2191 2383 552 579 587
2192 2383 554 555 556
2193 2383 580 607 621
2194 2383 582 583 584
2195 2383 608 634 648
2196 2383 615 617 618
2197 2383 635 661 669
2198 2383 642 644 645
2199 2383 662 689 697
2200 2383 664 665 666
2201 2383 690 717 731
2202 2383 692 693 694
2203 2383 718 744 758
2204 2383 725 727 728
2205 2383 745 771 785
2206 2383 752 754 755
2207 2383 772 798 806
2208 2383 779 781 782
2209 2383 559 551 799
2210 2383 801 802 803
2211 2383 827 854 868
2212 2383 829 830 831
2213 2383 855 881 889
2214 2383 862 864 865
2215 2383 882 909 923
2216 2383 884 885 886
2217 2383 910 936 944
2218 2383 917 919 920
2219 2383 937 964 972
2220 2383 939 940 941
2221 2383 965 992 1006
2222 2383 967 968 969
2223 2383 993 1019 1033
2224 2383 1000 1002 1003
2225 2383 1020 1046 1060
2226 2383 1027 1029 1030
2227 2383 1047 1073 1081
2228 2383 1054 1056 1057
2229 2383 834 826 1074
2230 2383 1076 1077 1078
2231 2383 1102 1128 1142
2232 2383 1109 1111 1112
2233 2383 1129 1155 1163
2234 2383 1136 1138 1139
2235 2383 1156 1183 1197
2236 2383 1158 1159 1160
2237 2383 1184 1210 1218
2238 2383 1191 1193 1194
2239 2383 1211 1238 1246
2240 2383 1213 1214 1215
2241 2383 1239 1266 1280
2242 2383 1241 1242 1243
2243 2383 1267 1293 1307
2244 2383 1274 1276 1277
2245 2383 1294 1320 1328
2246 2383 1301 1303 1304
2247 2383 1321 1348 1356
2248 2383 1323 1324 1325
2249 2383 1115 1101 1349
2250 2383 1351 1352 1353
2251 2455 2 28 49
2252 2455 9 11 21
2253 2455 29 56 79
2254 2455 31 32 46
2255 2455 57 83 106
2256 2455 64 66 76
2257 2455 84 110 131
2258 2455 91 93 103
2259 2455 111 138 159
2260 2455 113 114 128
2261 2455 139 166 187
2262 2455 141 142 156
2263 2455 167 194 217
2264 2455 169 170 184
2265 2455 195 221 244
2266 2455 202 204 214
2267 2455 222 248 269
2268 2455 229 231 241
2269 2455 24 1 249
2270 2455 251 252 266
2271 2455 277 303 326
2272 2455 284 286 296
2273 2455 304 330 353
2274 2455 311 313 323
2275 2455 331 357 380
2276 2455 338 340 350
2277 2455 358 384 405
2278 2455 365 367 377
2279 2455 385 412 433
2280 2455 387 388 402
2281 2455 413 440 461
2282 2455 415 416 430
2283 2455 441 468 491
2284 2455 443 444 458
2285 2455 469 495 516
2286 2455 476 478 488
2287 2455 496 523 544
2288 2455 498 499 513
2289 2455 299 276 524
2290 2455 526 527 541
2291 2455 552 579 600
2292 2455 554 555 569
2293 2455 580 607 630
2294 2455 582 583 597
2295 2455 608 634 657
2296 2455 615 617 627
2297 2455 635 661 682
2298 2455 642 644 654
2299 2455 662 689 710
2300 2455 664 665 679
2301 2455 690 717 740
2302 2455 692 693 707
2303 2455 718 744 767
2304 2455 725 727 737
2305 2455 745 771 794
2306 2455 752 754 764
2307 2455 772 798 819
2308 2455 779 781 791
2309 2455 572 551 799
2310 2455 801 802 816
2311 2455 827 854 877
2312 2455 829 830 844
2313 2455 855 881 902
2314 2455 862 864 874
2315 2455 882 909 932
2316 2455 884 885 899
2317 2455 910 936 957
2318 2455 917 919 929
2319 2455 937 964 985
2320 2455 939 940 954
2321 2455 965 992 1015
2322 2455 967 968 982
2323 2455 993 1019 1042
2324 2455 1000 1002 1012
2325 2455 1020 1046 1069
2326 2455 1027 1029 1039
2327 2455 1047 1073 1094
2328 2455 1054 1056 1066
2329 2455 847 826 1074
2330 2455 1076 1077 1091
2331 2455 1102 1128 1151
2332 2455 1109 1111 1121
2333 2455 1129 1155 1176
2334 2455 1136 1138 1148
2335 2455 1156 1183 1206
2336 2455 1158 1159 1173
2337 2455 1184 1210 1231
2338 2455 1191 1193 1203
2339 2455 1211 1238 1259
2340 2455 1213 1214 1228
2341 2455 1239 1266 1289
2342 2455 1241 1242 1256
2343 2455 1267 1293 1316
2344 2455 1274 1276 1286
2345 2455 1294 1320 1341
2346 2455 1301 1303 1313
2347 2455 1321 1348 1369
2348 2455 1323 1324 1338
2349 2455 1124 1101 1349
2350 2455 1351 1352 1366
