1 368 3 4
2 208 3 5
3 157 5 6
4 179 6 7
5 179 7 8
6 157 8 9
7 208 9 10
8 368 10 11
9 362 10 12
10 176 12 13
11 157 13 14
12 157 14 15
13 157 15 16
14 176 2 16
15 157 16 17
16 157 17 18
17 157 13 18
18 157 9 19
19 157 5 19
20 170 6 20
21 170 8 21
22 452 12 22
23 172 14 23
24 172 15 24
25 452 2 25
26 172 17 26
27 172 18 27
28 172 19 28
29 368 31 32
30 362 32 33
31 176 33 34
32 157 34 35
33 157 35 36
34 157 36 37
35 176 29 37
36 157 37 38
37 157 38 39
38 157 34 39
39 208 32 40
40 157 40 41
41 157 41 42
42 157 42 43
43 208 30 43
44 368 30 44
45 157 43 45
46 157 45 46
47 157 40 46
48 452 33 47
49 172 35 48
50 172 36 49
51 452 29 50
52 172 38 51
53 172 39 52
54 172 41 53
55 172 42 54
56 172 45 55
57 172 46 56
58 368 59 60
59 362 60 61
60 176 61 62
61 157 62 63
62 157 63 64
63 157 64 65
64 176 57 65
65 157 65 66
66 157 66 67
67 157 62 67
68 208 60 68
69 157 68 69
70 157 69 70
71 157 70 71
72 208 58 71
73 368 58 72
74 157 71 73
75 157 73 74
76 157 68 74
77 452 61 75
78 172 63 76
79 172 64 77
80 452 57 78
81 172 66 79
82 172 67 80
83 172 69 81
84 172 70 82
85 172 73 83
86 172 74 84
87 368 86 87
88 208 86 88
89 157 88 89
90 179 89 90
91 179 90 91
92 157 91 92
93 208 92 93
94 368 93 94
95 362 93 95
96 176 95 96
97 157 96 97
98 157 97 98
99 157 98 99
100 176 85 99
101 157 99 100
102 157 100 101
103 157 96 101
104 157 92 102
105 157 88 102
106 170 89 103
107 170 91 104
108 452 95 105
109 172 97 106
110 172 98 107
111 452 85 108
112 172 100 109
113 172 101 110
114 172 102 111
115 368 114 115
116 362 115 116
117 176 116 117
118 157 117 118
119 157 118 119
120 157 119 120
121 176 112 120
122 157 120 121
123 157 121 122
124 157 117 122
125 208 115 123
126 157 123 124
127 157 124 125
128 157 125 126
129 208 113 126
130 368 113 127
131 157 126 128
132 157 128 129
133 157 123 129
134 452 116 130
135 172 118 131
136 172 119 132
137 452 112 133
138 172 121 134
139 172 122 135
140 172 124 136
141 172 125 137
142 172 128 138
143 172 129 139
144 368 141 142
145 208 141 143
146 157 143 144
147 179 144 145
148 179 145 146
149 157 146 147
150 208 147 148
151 368 148 149
152 362 148 150
153 176 150 151
154 157 151 152
155 157 152 153
156 157 153 154
157 176 140 154
158 157 154 155
159 157 155 156
160 157 151 156
161 157 147 157
162 157 143 157
163 170 144 158
164 170 146 159
165 452 150 160
166 172 152 161
167 172 153 162
168 452 140 163
169 172 155 164
170 172 156 165
171 172 157 166
172 368 169 170
173 362 170 171
174 176 171 172
175 157 172 173
176 157 173 174
177 157 174 175
178 176 167 175
179 157 175 176
180 157 176 177
181 157 172 177
182 208 170 178
183 157 178 179
184 157 179 180
185 157 180 181
186 208 168 181
187 368 168 182
188 157 181 183
189 157 183 184
190 157 178 184
191 452 171 185
192 172 173 186
193 172 174 187
194 452 167 188
195 172 176 189
196 172 177 190
197 172 179 191
198 172 180 192
199 172 183 193
200 172 184 194
201 368 197 198
202 362 198 199
203 176 199 200
204 157 200 201
205 157 201 202
206 157 202 203
207 176 195 203
208 157 203 204
209 157 204 205
210 157 200 205
211 208 198 206
212 157 206 207
213 157 207 208
214 157 208 209
215 208 196 209
216 368 196 210
217 157 209 211
218 157 211 212
219 157 206 212
220 452 199 213
221 172 201 214
222 172 202 215
223 452 195 216
224 172 204 217
225 172 205 218
226 172 207 219
227 172 208 220
228 172 211 221
229 172 212 222
230 368 224 225
231 208 224 226
232 157 226 227
233 179 227 228
234 179 228 229
235 157 229 230
236 208 230 231
237 368 231 232
238 362 231 233
239 176 233 234
240 157 234 235
241 157 235 236
242 157 236 237
243 176 223 237
244 157 237 238
245 157 238 239
246 157 234 239
247 157 230 240
248 157 226 240
249 170 227 241
250 170 229 242
251 452 233 243
252 172 235 244
253 172 236 245
254 452 223 246
255 172 238 247
256 172 239 248
257 172 240 249
258 368 251 252
259 208 251 253
260 157 253 254
261 179 254 255
262 179 255 256
263 157 256 257
264 208 257 258
265 368 258 259
266 362 258 260
267 176 260 261
268 157 261 262
269 157 262 263
270 157 263 264
271 176 250 264
272 157 264 265
273 157 265 266
274 157 261 266
275 157 257 267
276 157 253 267
277 170 254 268
278 170 256 269
279 452 260 270
280 172 262 271
281 172 263 272
282 452 250 273
283 172 265 274
284 172 266 275
285 172 267 276
286 452 1 2
287 362 3 29
288 362 30 57
289 362 58 85
290 362 86 112
291 362 113 140
292 362 141 167
293 362 168 195
294 362 196 223
295 362 224 250
296 323 251 277
