    1 3 4
    2 3 5
    3 5 6
    4 6 7
    5 7 8
    6 8 9
    7 9 10
    8 10 11
    9 10 12
    10 12 13
    11 13 14
    12 14 15
    13 15 16
    14 16 2
    15 16 17
    16 17 18
    17 13 18
    18 9 19
    19 5 19
    20 6 20
    21 8 21
    22 12 22
    23 14 23
    24 15 24
    25 2 25
    26 17 26
    27 18 27
    28 19 28
    29 31 32
    30 32 33
    31 33 34
    32 34 35
    33 35 36
    34 36 37
    35 37 29
    36 37 38
    37 38 39
    38 34 39
    39 32 40
    40 40 41
    41 41 42
    42 42 43
    43 43 30
    44 30 44
    45 43 45
    46 45 46
    47 40 46
    48 33 47
    49 35 48
    50 36 49
    51 29 50
    52 38 51
    53 39 52
    54 41 53
    55 42 54
    56 45 55
    57 46 56
    58 59 60
    59 60 61
    60 61 62
    61 62 63
    62 63 64
    63 64 65
    64 65 57
    65 65 66
    66 66 67
    67 62 67
    68 60 68
    69 68 69
    70 69 70
    71 70 71
    72 71 58
    73 58 72
    74 71 73
    75 73 74
    76 68 74
    77 61 75
    78 63 76
    79 64 77
    80 57 78
    81 66 79
    82 67 80
    83 69 81
    84 70 82
    85 73 83
    86 74 84
    87 86 87
    88 86 88
    89 88 89
    90 89 90
    91 90 91
    92 91 92
    93 92 93
    94 93 94
    95 93 95
    96 95 96
    97 96 97
    98 97 98
    99 98 99
    100 99 85
    101 99 100
    102 100 101
    103 96 101
    104 92 102
    105 88 102
    106 89 103
    107 91 104
    108 95 105
    109 97 106
    110 98 107
    111 85 108
    112 100 109
    113 101 110
    114 102 111
    115 114 115
    116 115 116
    117 116 117
    118 117 118
    119 118 119
    120 119 120
    121 120 112
    122 120 121
    123 121 122
    124 117 122
    125 115 123
    126 123 124
    127 124 125
    128 125 126
    129 126 113
    130 113 127
    131 126 128
    132 128 129
    133 123 129
    134 116 130
    135 118 131
    136 119 132
    137 112 133
    138 121 134
    139 122 135
    140 124 136
    141 125 137
    142 128 138
    143 129 139
    144 141 142
    145 141 143
    146 143 144
    147 144 145
    148 145 146
    149 146 147
    150 147 148
    151 148 149
    152 148 150
    153 150 151
    154 151 152
    155 152 153
    156 153 154
    157 154 140
    158 154 155
    159 155 156
    160 151 156
    161 147 157
    162 143 157
    163 144 158
    164 146 159
    165 150 160
    166 152 161
    167 153 162
    168 140 163
    169 155 164
    170 156 165
    171 157 166
    172 169 170
    173 170 171
    174 171 172
    175 172 173
    176 173 174
    177 174 175
    178 175 167
    179 175 176
    180 176 177
    181 172 177
    182 170 178
    183 178 179
    184 179 180
    185 180 181
    186 181 168
    187 168 182
    188 181 183
    189 183 184
    190 178 184
    191 171 185
    192 173 186
    193 174 187
    194 167 188
    195 176 189
    196 177 190
    197 179 191
    198 180 192
    199 183 193
    200 184 194
    201 197 198
    202 198 199
    203 199 200
    204 200 201
    205 201 202
    206 202 203
    207 203 195
    208 203 204
    209 204 205
    210 200 205
    211 198 206
    212 206 207
    213 207 208
    214 208 209
    215 209 196
    216 196 210
    217 209 211
    218 211 212
    219 206 212
    220 199 213
    221 201 214
    222 202 215
    223 195 216
    224 204 217
    225 205 218
    226 207 219
    227 208 220
    228 211 221
    229 212 222
    230 224 225
    231 224 226
    232 226 227
    233 227 228
    234 228 229
    235 229 230
    236 230 231
    237 231 232
    238 231 233
    239 233 234
    240 234 235
    241 235 236
    242 236 237
    243 237 223
    244 237 238
    245 238 239
    246 234 239
    247 230 240
    248 226 240
    249 227 241
    250 229 242
    251 233 243
    252 235 244
    253 236 245
    254 223 246
    255 238 247
    256 239 248
    257 240 249
    258 251 252
    259 251 253
    260 253 254
    261 254 255
    262 255 256
    263 256 257
    264 257 258
    265 258 259
    266 258 260
    267 260 261
    268 261 262
    269 262 263
    270 263 264
    271 264 250
    272 264 265
    273 265 266
    274 261 266
    275 257 267
    276 253 267
    277 254 268
    278 256 269
    279 260 270
    280 262 271
    281 263 272
    282 250 273
    283 265 274
    284 266 275
    285 267 276
    286  1 2
    287  3 29
    288  30 57
    289  58 85
    290  86 112
    291  113 140
    292  141 167
    293  168 195
    294  196 223
    295  224 250
    296  251 277
