1 611 5 19 9
2 611 6 5 19
3 611 8 9 19
4 611 13 14 15
5 611 13 18 17
6 611 14 13 18
7 611 14 15 16
8 611 15 16 17
9 611 16 17 18
10 611 34 35 36
11 611 34 39 38
12 611 35 34 39
13 611 35 36 37
14 611 36 37 38
15 611 37 38 39
16 611 40 41 42
17 611 40 46 45
18 611 41 40 46
19 611 41 42 43
20 611 42 43 45
21 611 43 45 46
22 611 62 63 64
23 611 62 67 66
24 611 63 62 67
25 611 63 64 65
26 611 64 65 66
27 611 65 66 67
28 611 68 69 70
29 611 68 74 73
30 611 69 68 74
31 611 69 70 71
32 611 70 71 73
33 611 71 73 74
34 611 88 102 92
35 611 89 88 102
36 611 91 92 102
37 611 96 97 98
38 611 96 101 100
39 611 97 96 101
40 611 97 98 99
41 611 98 99 100
42 611 99 100 101
43 611 117 118 119
44 611 117 122 121
45 611 118 117 122
46 611 118 119 120
47 611 119 120 121
48 611 120 121 122
49 611 123 124 125
50 611 123 129 128
51 611 124 123 129
52 611 124 125 126
53 611 125 126 128
54 611 126 128 129
55 611 143 157 147
56 611 144 143 157
57 611 146 147 157
58 611 151 152 153
59 611 151 156 155
60 611 152 151 156
61 611 152 153 154
62 611 153 154 155
63 611 154 155 156
64 611 172 173 174
65 611 172 177 176
66 611 173 172 177
67 611 173 174 175
68 611 174 175 176
69 611 175 176 177
70 611 178 179 180
71 611 178 184 183
72 611 179 178 184
73 611 179 180 181
74 611 180 181 183
75 611 181 183 184
76 611 200 201 202
77 611 200 205 204
78 611 201 200 205
79 611 201 202 203
80 611 202 203 204
81 611 203 204 205
82 611 206 207 208
83 611 206 212 211
84 611 207 206 212
85 611 207 208 209
86 611 208 209 211
87 611 209 211 212
88 611 226 240 230
89 611 227 226 240
90 611 229 230 240
91 611 234 235 236
92 611 234 239 238
93 611 235 234 239
94 611 235 236 237
95 611 236 237 238
96 611 237 238 239
97 611 253 267 257
98 611 254 253 267
99 611 256 257 267
100 611 261 262 263
101 611 261 266 265
102 611 262 261 266
103 611 262 263 264
104 611 263 264 265
105 611 264 265 266
106 624 5 6 20
107 624 9 8 21
108 624 88 89 103
109 624 92 91 104
110 624 143 144 158
111 624 147 146 159
112 624 226 227 241
113 624 230 229 242
114 624 253 254 268
115 624 257 256 269
116 625 5 19 28
117 625 9 19 28
118 625 13 14 23
119 625 13 18 27
120 625 14 15 24
121 625 15 14 23
122 625 16 15 24
123 625 16 17 26
124 625 17 18 27
125 625 18 17 26
126 625 34 35 48
127 625 34 39 52
128 625 35 36 49
129 625 36 35 48
130 625 37 36 49
131 625 37 38 51
132 625 38 39 52
133 625 39 38 51
134 625 40 41 53
135 625 40 46 56
136 625 41 42 54
137 625 42 41 53
138 625 43 42 54
139 625 43 45 55
140 625 45 46 56
141 625 46 45 55
142 625 62 63 76
143 625 62 67 80
144 625 63 64 77
145 625 64 63 76
146 625 65 64 77
147 625 65 66 79
148 625 66 67 80
149 625 67 66 79
150 625 68 69 81
151 625 68 74 84
152 625 69 70 82
153 625 70 69 81
154 625 71 70 82
155 625 71 73 83
156 625 73 74 84
157 625 74 73 83
158 625 88 102 111
159 625 92 102 111
160 625 96 97 106
161 625 96 101 110
162 625 97 98 107
163 625 98 97 106
164 625 99 98 107
165 625 99 100 109
166 625 100 101 110
167 625 101 100 109
168 625 117 118 131
169 625 117 122 135
170 625 118 119 132
171 625 119 118 131
172 625 120 119 132
173 625 120 121 134
174 625 121 122 135
175 625 122 121 134
176 625 123 124 136
177 625 123 129 139
178 625 124 125 137
179 625 125 124 136
180 625 126 125 137
181 625 126 128 138
182 625 128 129 139
183 625 129 128 138
184 625 143 157 166
185 625 147 157 166
186 625 151 152 161
187 625 151 156 165
188 625 152 153 162
189 625 153 152 161
190 625 154 153 162
191 625 154 155 164
192 625 155 156 165
193 625 156 155 164
194 625 172 173 186
195 625 172 177 190
196 625 173 174 187
197 625 174 173 186
198 625 175 174 187
199 625 175 176 189
200 625 176 177 190
201 625 177 176 189
202 625 178 179 191
203 625 178 184 194
204 625 179 180 192
205 625 180 179 191
206 625 181 180 192
207 625 181 183 193
208 625 183 184 194
209 625 184 183 193
210 625 200 201 214
211 625 200 205 218
212 625 201 202 215
213 625 202 201 214
214 625 203 202 215
215 625 203 204 217
216 625 204 205 218
217 625 205 204 217
218 625 206 207 219
219 625 206 212 222
220 625 207 208 220
221 625 208 207 219
222 625 209 208 220
223 625 209 211 221
224 625 211 212 222
225 625 212 211 221
226 625 226 240 249
227 625 230 240 249
228 625 234 235 244
229 625 234 239 248
230 625 235 236 245
231 625 236 235 244
232 625 237 236 245
233 625 237 238 247
234 625 238 239 248
235 625 239 238 247
236 625 253 267 276
237 625 257 267 276
238 625 261 262 271
239 625 261 266 275
240 625 262 263 272
241 625 263 262 271
242 625 264 263 272
243 625 264 265 274
244 625 265 266 275
245 625 266 265 274
246 630 12 13 14
247 630 2 16 15
248 630 2 16 17
249 630 12 13 18
250 630 33 34 35
251 630 29 37 36
252 630 29 37 38
253 630 33 34 39
254 630 61 62 63
255 630 57 65 64
256 630 57 65 66
257 630 61 62 67
258 630 95 96 97
259 630 85 99 98
260 630 85 99 100
261 630 95 96 101
262 630 116 117 118
263 630 112 120 119
264 630 112 120 121
265 630 116 117 122
266 630 150 151 152
267 630 140 154 153
268 630 140 154 155
269 630 150 151 156
270 630 171 172 173
271 630 167 175 174
272 630 167 175 176
273 630 171 172 177
274 630 199 200 201
275 630 195 203 202
276 630 195 203 204
277 630 199 200 205
278 630 233 234 235
279 630 223 237 236
280 630 223 237 238
281 630 233 234 239
282 630 260 261 262
283 630 250 264 263
284 630 250 264 265
285 630 260 261 266
286 632 5 6 7
287 632 7 8 9
288 632 88 89 90
289 632 90 91 92
290 632 143 144 145
291 632 145 146 147
292 632 226 227 228
293 632 228 229 230
294 632 253 254 255
295 632 255 256 257
296 659 3 5 6
297 659 3 5 19
298 659 8 9 10
299 659 10 9 19
300 659 30 43 42
301 659 30 43 45
302 659 32 40 41
303 659 32 40 46
304 659 58 71 70
305 659 58 71 73
306 659 60 68 69
307 659 60 68 74
308 659 86 88 89
309 659 86 88 102
310 659 91 92 93
311 659 93 92 102
312 659 113 126 125
313 659 113 126 128
314 659 115 123 124
315 659 115 123 129
316 659 141 143 144
317 659 141 143 157
318 659 146 147 148
319 659 148 147 157
320 659 168 181 180
321 659 168 181 183
322 659 170 178 179
323 659 170 178 184
324 659 196 209 208
325 659 196 209 211
326 659 198 206 207
327 659 198 206 212
328 659 224 226 227
329 659 224 226 240
330 659 229 230 231
331 659 231 230 240
332 659 251 253 254
333 659 251 253 267
334 659 256 257 258
335 659 258 257 267
336 689 7 6 20
337 689 7 8 21
338 689 90 89 103
339 689 90 91 104
340 689 145 144 158
341 689 145 146 159
342 689 228 227 241
343 689 228 229 242
344 689 255 254 268
345 689 255 256 269
346 783 253 251 277
347 785 5 3 29
348 785 9 10 12
349 785 33 32 40
350 785 43 30 57
351 785 61 60 68
352 785 71 58 85
353 785 88 86 112
354 785 92 93 95
355 785 116 115 123
356 785 126 113 140
357 785 143 141 167
358 785 147 148 150
359 785 171 170 178
360 785 181 168 195
361 785 199 198 206
362 785 209 196 223
363 785 226 224 250
364 785 230 231 233
365 785 257 258 260
366 787 4 3 5
367 787 9 10 11
368 787 31 32 40
369 787 43 30 44
370 787 59 60 68
371 787 71 58 72
372 787 87 86 88
373 787 92 93 94
374 787 114 115 123
375 787 126 113 127
376 787 142 141 143
377 787 147 148 149
378 787 169 170 178
379 787 181 168 182
380 787 197 198 206
381 787 209 196 210
382 787 225 224 226
383 787 230 231 232
384 787 252 251 253
385 787 257 258 259
386 1339 252 251 277
387 1379 11 10 12
388 1379 4 3 29
389 1379 31 32 33
390 1379 44 30 57
391 1379 59 60 61
392 1379 72 58 85
393 1379 94 93 95
394 1379 87 86 112
395 1379 114 115 116
396 1379 127 113 140
397 1379 149 148 150
398 1379 142 141 167
399 1379 169 170 171
400 1379 182 168 195
401 1379 197 198 199
402 1379 210 196 223
403 1379 232 231 233
404 1379 225 224 250
405 1379 259 258 260
406 2325 6 7 8
407 2325 89 90 91
408 2325 144 145 146
409 2325 227 228 229
410 2325 254 255 256
411 2364 13 12 22
412 2364 16 2 25
413 2364 1 2 16
414 2364 34 33 47
415 2364 37 29 50
416 2364 62 61 75
417 2364 65 57 78
418 2364 96 95 105
419 2364 99 85 108
420 2364 117 116 130
421 2364 120 112 133
422 2364 151 150 160
423 2364 154 140 163
424 2364 172 171 185
425 2364 175 167 188
426 2364 200 199 213
427 2364 203 195 216
428 2364 234 233 243
429 2364 237 223 246
430 2364 261 260 270
431 2364 264 250 273
432 2383 3 29 37
433 2383 10 12 13
434 2383 30 57 65
435 2383 32 33 34
436 2383 58 85 99
437 2383 60 61 62
438 2383 86 112 120
439 2383 93 95 96
440 2383 113 140 154
441 2383 115 116 117
442 2383 141 167 175
443 2383 148 150 151
444 2383 168 195 203
445 2383 170 171 172
446 2383 196 223 237
447 2383 198 199 200
448 2383 224 250 264
449 2383 231 233 234
450 2383 258 260 261
451 2455 3 29 50
452 2455 10 12 22
453 2455 30 57 78
454 2455 32 33 47
455 2455 58 85 108
456 2455 60 61 75
457 2455 86 112 133
458 2455 93 95 105
459 2455 113 140 163
460 2455 115 116 130
461 2455 141 167 188
462 2455 148 150 160
463 2455 168 195 216
464 2455 170 171 185
465 2455 196 223 246
466 2455 198 199 213
467 2455 224 250 273
468 2455 231 233 243
469 2455 258 260 270
470 2742 1 2 25
