1 2 4 5 3 29
2 2 9 11 10 12
3 2 31 33 32 40
4 2 43 44 30 57
5 2 59 61 60 68
6 2 71 72 58 85
7 2 87 88 86 112
8 2 92 94 93 95
9 2 114 116 115 123
10 2 126 127 113 140
11 2 142 143 141 167
12 2 147 149 148 150
13 2 169 171 170 178
14 2 181 182 168 195
15 2 197 199 198 206
16 2 209 210 196 223
17 2 225 226 224 250
18 2 230 232 231 233
19 2 257 259 258 260
20 2 252 253 251 277
21 3 5 9 19 28
22 3 13 15 14 23
23 3 13 17 18 27
24 3 14 16 15 24
25 3 16 18 17 26
26 3 34 36 35 48
27 3 34 38 39 52
28 3 35 37 36 49
29 3 37 39 38 51
30 3 40 42 41 53
31 3 40 45 46 56
32 3 41 43 42 54
33 3 43 46 45 55
34 3 62 64 63 76
35 3 62 66 67 80
36 3 63 65 64 77
37 3 65 67 66 79
38 3 68 70 69 81
39 3 68 73 74 84
40 3 69 71 70 82
41 3 71 74 73 83
42 3 88 92 102 111
43 3 96 98 97 106
44 3 96 100 101 110
45 3 97 99 98 107
46 3 99 101 100 109
47 3 117 119 118 131
48 3 117 121 122 135
49 3 118 120 119 132
50 3 120 122 121 134
51 3 123 125 124 136
52 3 123 128 129 139
53 3 124 126 125 137
54 3 126 129 128 138
55 3 143 147 157 166
56 3 151 153 152 161
57 3 151 155 156 165
58 3 152 154 153 162
59 3 154 156 155 164
60 3 172 174 173 186
61 3 172 176 177 190
62 3 173 175 174 187
63 3 175 177 176 189
64 3 178 180 179 191
65 3 178 183 184 194
66 3 179 181 180 192
67 3 181 184 183 193
68 3 200 202 201 214
69 3 200 204 205 218
70 3 201 203 202 215
71 3 203 205 204 217
72 3 206 208 207 219
73 3 206 211 212 222
74 3 207 209 208 220
75 3 209 212 211 221
76 3 226 230 240 249
77 3 234 236 235 244
78 3 234 238 239 248
79 3 235 237 236 245
80 3 237 239 238 247
81 3 253 257 267 276
82 3 261 263 262 271
83 3 261 265 266 275
84 3 262 264 263 272
85 3 264 266 265 274
86 4 1 16 2 25
87 4 3 37 29 50
88 4 10 13 12 22
89 4 30 65 57 78
90 4 32 34 33 47
91 4 58 99 85 108
92 4 60 62 61 75
93 4 86 120 112 133
94 4 93 96 95 105
95 4 113 154 140 163
96 4 115 117 116 130
97 4 141 175 167 188
98 4 148 151 150 160
99 4 168 203 195 216
100 4 170 172 171 185
101 4 196 237 223 246
102 4 198 200 199 213
103 4 224 264 250 273
104 4 231 234 233 243
105 4 258 261 260 270
