1 13 4 3 5 6
2 13 4 3 5 19
3 13 8 9 10 11
4 13 11 10 9 19
5 13 31 32 40 41
6 13 31 32 40 46
7 13 42 43 30 44
8 13 44 30 43 45
9 13 59 60 68 69
10 13 59 60 68 74
11 13 70 71 58 72
12 13 72 58 71 73
13 13 87 86 88 89
14 13 87 86 88 102
15 13 91 92 93 94
16 13 94 93 92 102
17 13 114 115 123 124
18 13 114 115 123 129
19 13 125 126 113 127
20 13 127 113 126 128
21 13 142 141 143 144
22 13 142 141 143 157
23 13 146 147 148 149
24 13 149 148 147 157
25 13 169 170 178 179
26 13 169 170 178 184
27 13 180 181 168 182
28 13 182 168 181 183
29 13 197 198 206 207
30 13 197 198 206 212
31 13 208 209 196 210
32 13 210 196 209 211
33 13 225 224 226 227
34 13 225 224 226 240
35 13 229 230 231 232
36 13 232 231 230 240
37 13 252 251 253 254
38 13 252 251 253 267
39 13 256 257 258 259
40 13 259 258 257 267
41 13 8 9 10 12
42 13 12 10 9 19
43 13 6 5 3 29
44 13 19 5 3 29
45 13 33 32 40 41
46 13 33 32 40 46
47 13 42 43 30 57
48 13 45 43 30 57
49 13 61 60 68 69
50 13 61 60 68 74
51 13 70 71 58 85
52 13 73 71 58 85
53 13 91 92 93 95
54 13 95 93 92 102
55 13 89 88 86 112
56 13 102 88 86 112
57 13 116 115 123 124
58 13 116 115 123 129
59 13 125 126 113 140
60 13 128 126 113 140
61 13 146 147 148 150
62 13 150 148 147 157
63 13 144 143 141 167
64 13 157 143 141 167
65 13 171 170 178 179
66 13 171 170 178 184
67 13 180 181 168 195
68 13 183 181 168 195
69 13 199 198 206 207
70 13 199 198 206 212
71 13 208 209 196 223
72 13 211 209 196 223
73 13 229 230 231 233
74 13 233 231 230 240
75 13 227 226 224 250
76 13 240 226 224 250
77 13 256 257 258 260
78 13 260 258 257 267
79 13 254 253 251 277
80 13 267 253 251 277
81 16 4 3 29 37
82 16 11 10 12 13
83 16 31 32 33 34
84 16 44 30 57 65
85 16 59 60 61 62
86 16 72 58 85 99
87 16 87 86 112 120
88 16 94 93 95 96
89 16 114 115 116 117
90 16 127 113 140 154
91 16 142 141 167 175
92 16 149 148 150 151
93 16 169 170 171 172
94 16 182 168 195 203
95 16 197 198 199 200
96 16 210 196 223 237
97 16 225 224 250 264
98 16 232 231 233 234
99 16 259 258 260 261
100 16 5 3 29 37
101 16 9 10 12 13
102 16 34 33 32 40
103 16 43 30 57 65
104 16 62 61 60 68
105 16 71 58 85 99
106 16 88 86 112 120
107 16 92 93 95 96
108 16 117 116 115 123
109 16 126 113 140 154
110 16 143 141 167 175
111 16 147 148 150 151
112 16 172 171 170 178
113 16 181 168 195 203
114 16 200 199 198 206
115 16 209 196 223 237
116 16 226 224 250 264
117 16 230 231 233 234
118 16 257 258 260 261
119 16 5 3 29 50
120 16 9 10 12 22
121 16 40 32 33 47
122 16 43 30 57 78
123 16 68 60 61 75
124 16 71 58 85 108
125 16 88 86 112 133
126 16 92 93 95 105
127 16 123 115 116 130
128 16 126 113 140 163
129 16 143 141 167 188
130 16 147 148 150 160
131 16 178 170 171 185
132 16 181 168 195 216
133 16 206 198 199 213
134 16 209 196 223 246
135 16 226 224 250 273
136 16 230 231 233 243
137 16 257 258 260 270
138 195 2 16 15 14
139 195 2 16 17 18
140 195 12 13 14 15
141 195 12 13 18 17
142 195 29 37 36 35
143 195 29 37 38 39
144 195 33 34 35 36
145 195 33 34 39 38
146 195 57 65 64 63
147 195 57 65 66 67
148 195 61 62 63 64
149 195 61 62 67 66
150 195 85 99 98 97
151 195 85 99 100 101
152 195 95 96 97 98
153 195 95 96 101 100
154 195 112 120 119 118
155 195 112 120 121 122
156 195 116 117 118 119
157 195 116 117 122 121
158 195 140 154 153 152
159 195 140 154 155 156
160 195 150 151 152 153
161 195 150 151 156 155
162 195 167 175 174 173
163 195 167 175 176 177
164 195 171 172 173 174
165 195 171 172 177 176
166 195 195 203 202 201
167 195 195 203 204 205
168 195 199 200 201 202
169 195 199 200 205 204
170 195 223 237 236 235
171 195 223 237 238 239
172 195 233 234 235 236
173 195 233 234 239 238
174 195 250 264 263 262
175 195 250 264 265 266
176 195 260 261 262 263
177 195 260 261 266 265
178 195 2 16 15 24
179 195 2 16 17 26
180 195 12 13 14 23
181 195 12 13 18 27
182 195 29 37 36 49
183 195 29 37 38 51
184 195 33 34 35 48
185 195 33 34 39 52
186 195 57 65 64 77
187 195 57 65 66 79
188 195 61 62 63 76
189 195 61 62 67 80
190 195 85 99 98 107
191 195 85 99 100 109
192 195 95 96 97 106
193 195 95 96 101 110
194 195 112 120 119 132
195 195 112 120 121 134
196 195 116 117 118 131
197 195 116 117 122 135
198 195 140 154 153 162
199 195 140 154 155 164
200 195 150 151 152 161
201 195 150 151 156 165
202 195 167 175 174 187
203 195 167 175 176 189
204 195 171 172 173 186
205 195 171 172 177 190
206 195 195 203 202 215
207 195 195 203 204 217
208 195 199 200 201 214
209 195 199 200 205 218
210 195 223 237 236 245
211 195 223 237 238 247
212 195 233 234 235 244
213 195 233 234 239 248
214 195 250 264 263 272
215 195 250 264 265 274
216 195 260 261 262 271
217 195 260 261 266 275
218 195 3 5 6 7
219 195 7 8 9 10
220 195 86 88 89 90
221 195 90 91 92 93
222 195 141 143 144 145
223 195 145 146 147 148
224 195 224 226 227 228
225 195 228 229 230 231
226 195 251 253 254 255
227 195 255 256 257 258
228 195 3 5 6 20
229 195 10 9 8 21
230 195 86 88 89 103
231 195 93 92 91 104
232 195 141 143 144 158
233 195 148 147 146 159
234 195 224 226 227 241
235 195 231 230 229 242
236 195 251 253 254 268
237 195 258 257 256 269
238 195 3 5 19 9
239 195 5 19 9 10
240 195 30 43 42 41
241 195 30 43 45 46
242 195 32 40 41 42
243 195 32 40 46 45
244 195 58 71 70 69
245 195 58 71 73 74
246 195 60 68 69 70
247 195 60 68 74 73
248 195 86 88 102 92
249 195 88 102 92 93
250 195 113 126 125 124
251 195 113 126 128 129
252 195 115 123 124 125
253 195 115 123 129 128
254 195 141 143 157 147
255 195 143 157 147 148
256 195 168 181 180 179
257 195 168 181 183 184
258 195 170 178 179 180
259 195 170 178 184 183
260 195 196 209 208 207
261 195 196 209 211 212
262 195 198 206 207 208
263 195 198 206 212 211
264 195 224 226 240 230
265 195 226 240 230 231
266 195 251 253 267 257
267 195 253 267 257 258
268 195 3 5 19 28
269 195 10 9 19 28
270 195 30 43 42 54
271 195 30 43 45 55
272 195 32 40 41 53
273 195 32 40 46 56
274 195 58 71 70 82
275 195 58 71 73 83
276 195 60 68 69 81
277 195 60 68 74 84
278 195 86 88 102 111
279 195 93 92 102 111
280 195 113 126 125 137
281 195 113 126 128 138
282 195 115 123 124 136
283 195 115 123 129 139
284 195 141 143 157 166
285 195 148 147 157 166
286 195 168 181 180 192
287 195 168 181 183 193
288 195 170 178 179 191
289 195 170 178 184 194
290 195 196 209 208 220
291 195 196 209 211 221
292 195 198 206 207 219
293 195 198 206 212 222
294 195 224 226 240 249
295 195 231 230 240 249
296 195 251 253 267 276
297 195 258 257 267 276
298 195 5 19 9 8
299 195 6 5 19 9
300 195 13 14 15 16
301 195 13 18 17 16
302 195 14 13 18 17
303 195 14 15 16 17
304 195 15 14 13 18
305 195 15 16 17 18
306 195 34 35 36 37
307 195 34 39 38 37
308 195 35 34 39 38
309 195 35 36 37 38
310 195 36 35 34 39
311 195 36 37 38 39
312 195 40 41 42 43
313 195 40 46 45 43
314 195 41 40 46 45
315 195 41 42 43 45
316 195 42 41 40 46
317 195 42 43 45 46
318 195 62 63 64 65
319 195 62 67 66 65
320 195 63 62 67 66
321 195 63 64 65 66
322 195 64 63 62 67
323 195 64 65 66 67
324 195 68 69 70 71
325 195 68 74 73 71
326 195 69 68 74 73
327 195 69 70 71 73
328 195 70 69 68 74
329 195 70 71 73 74
330 195 88 102 92 91
331 195 89 88 102 92
332 195 96 97 98 99
333 195 96 101 100 99
334 195 97 96 101 100
335 195 97 98 99 100
336 195 98 97 96 101
337 195 98 99 100 101
338 195 117 118 119 120
339 195 117 122 121 120
340 195 118 117 122 121
341 195 118 119 120 121
342 195 119 118 117 122
343 195 119 120 121 122
344 195 123 124 125 126
345 195 123 129 128 126
346 195 124 123 129 128
347 195 124 125 126 128
348 195 125 124 123 129
349 195 125 126 128 129
350 195 143 157 147 146
351 195 144 143 157 147
352 195 151 152 153 154
353 195 151 156 155 154
354 195 152 151 156 155
355 195 152 153 154 155
356 195 153 152 151 156
357 195 153 154 155 156
358 195 172 173 174 175
359 195 172 177 176 175
360 195 173 172 177 176
361 195 173 174 175 176
362 195 174 173 172 177
363 195 174 175 176 177
364 195 178 179 180 181
365 195 178 184 183 181
366 195 179 178 184 183
367 195 179 180 181 183
368 195 180 179 178 184
369 195 180 181 183 184
370 195 200 201 202 203
371 195 200 205 204 203
372 195 201 200 205 204
373 195 201 202 203 204
374 195 202 201 200 205
375 195 202 203 204 205
376 195 206 207 208 209
377 195 206 212 211 209
378 195 207 206 212 211
379 195 207 208 209 211
380 195 208 207 206 212
381 195 208 209 211 212
382 195 226 240 230 229
383 195 227 226 240 230
384 195 234 235 236 237
385 195 234 239 238 237
386 195 235 234 239 238
387 195 235 236 237 238
388 195 236 235 234 239
389 195 236 237 238 239
390 195 253 267 257 256
391 195 254 253 267 257
392 195 261 262 263 264
393 195 261 266 265 264
394 195 262 261 266 265
395 195 262 263 264 265
396 195 263 262 261 266
397 195 263 264 265 266
398 195 6 5 19 28
399 195 8 9 19 28
400 195 13 14 15 24
401 195 13 18 17 26
402 195 14 13 18 27
403 195 15 16 17 26
404 195 16 15 14 23
405 195 16 17 18 27
406 195 17 16 15 24
407 195 18 13 14 23
408 195 34 35 36 49
409 195 34 39 38 51
410 195 35 34 39 52
411 195 36 37 38 51
412 195 37 36 35 48
413 195 37 38 39 52
414 195 38 37 36 49
415 195 39 34 35 48
416 195 40 41 42 54
417 195 40 46 45 55
418 195 41 40 46 56
419 195 42 43 45 55
420 195 43 42 41 53
421 195 43 45 46 56
422 195 45 43 42 54
423 195 46 40 41 53
424 195 62 63 64 77
425 195 62 67 66 79
426 195 63 62 67 80
427 195 64 65 66 79
428 195 65 64 63 76
429 195 65 66 67 80
430 195 66 65 64 77
431 195 67 62 63 76
432 195 68 69 70 82
433 195 68 74 73 83
434 195 69 68 74 84
435 195 70 71 73 83
436 195 71 70 69 81
437 195 71 73 74 84
438 195 73 71 70 82
439 195 74 68 69 81
440 195 89 88 102 111
441 195 91 92 102 111
442 195 96 97 98 107
443 195 96 101 100 109
444 195 97 96 101 110
445 195 98 99 100 109
446 195 99 98 97 106
447 195 99 100 101 110
448 195 100 99 98 107
449 195 101 96 97 106
450 195 117 118 119 132
451 195 117 122 121 134
452 195 118 117 122 135
453 195 119 120 121 134
454 195 120 119 118 131
455 195 120 121 122 135
456 195 121 120 119 132
457 195 122 117 118 131
458 195 123 124 125 137
459 195 123 129 128 138
460 195 124 123 129 139
461 195 125 126 128 138
462 195 126 125 124 136
463 195 126 128 129 139
464 195 128 126 125 137
465 195 129 123 124 136
466 195 144 143 157 166
467 195 146 147 157 166
468 195 151 152 153 162
469 195 151 156 155 164
470 195 152 151 156 165
471 195 153 154 155 164
472 195 154 153 152 161
473 195 154 155 156 165
474 195 155 154 153 162
475 195 156 151 152 161
476 195 172 173 174 187
477 195 172 177 176 189
478 195 173 172 177 190
479 195 174 175 176 189
480 195 175 174 173 186
481 195 175 176 177 190
482 195 176 175 174 187
483 195 177 172 173 186
484 195 178 179 180 192
485 195 178 184 183 193
486 195 179 178 184 194
487 195 180 181 183 193
488 195 181 180 179 191
489 195 181 183 184 194
490 195 183 181 180 192
491 195 184 178 179 191
492 195 200 201 202 215
493 195 200 205 204 217
494 195 201 200 205 218
495 195 202 203 204 217
496 195 203 202 201 214
497 195 203 204 205 218
498 195 204 203 202 215
499 195 205 200 201 214
500 195 206 207 208 220
501 195 206 212 211 221
502 195 207 206 212 222
503 195 208 209 211 221
504 195 209 208 207 219
505 195 209 211 212 222
506 195 211 209 208 220
507 195 212 206 207 219
508 195 227 226 240 249
509 195 229 230 240 249
510 195 234 235 236 245
511 195 234 239 238 247
512 195 235 234 239 248
513 195 236 237 238 247
514 195 237 236 235 244
515 195 237 238 239 248
516 195 238 237 236 245
517 195 239 234 235 244
518 195 254 253 267 276
519 195 256 257 267 276
520 195 261 262 263 272
521 195 261 266 265 274
522 195 262 261 266 275
523 195 263 264 265 274
524 195 264 263 262 271
525 195 264 265 266 275
526 195 265 264 263 272
527 195 266 261 262 271
528 195 7 6 5 19
529 195 7 8 9 19
530 195 90 89 88 102
531 195 90 91 92 102
532 195 145 144 143 157
533 195 145 146 147 157
534 195 228 227 226 240
535 195 228 229 230 240
536 195 255 254 253 267
537 195 255 256 257 267
538 195 19 9 8 21
539 195 19 5 6 20
540 195 102 92 91 104
541 195 102 88 89 103
542 195 157 147 146 159
543 195 157 143 144 158
544 195 240 230 229 242
545 195 240 226 227 241
546 195 267 257 256 269
547 195 267 253 254 268
548 195 23 14 15 24
549 195 26 17 18 27
550 195 48 35 36 49
551 195 51 38 39 52
552 195 53 41 42 54
553 195 55 45 46 56
554 195 76 63 64 77
555 195 79 66 67 80
556 195 81 69 70 82
557 195 83 73 74 84
558 195 106 97 98 107
559 195 109 100 101 110
560 195 131 118 119 132
561 195 134 121 122 135
562 195 136 124 125 137
563 195 138 128 129 139
564 195 161 152 153 162
565 195 164 155 156 165
566 195 186 173 174 187
567 195 189 176 177 190
568 195 191 179 180 192
569 195 193 183 184 194
570 195 214 201 202 215
571 195 217 204 205 218
572 195 219 207 208 220
573 195 221 211 212 222
574 195 244 235 236 245
575 195 247 238 239 248
576 195 271 262 263 272
577 195 274 265 266 275
578 200 10 12 13 14
579 200 10 12 13 18
580 200 32 33 34 35
581 200 3 29 37 36
582 200 3 29 37 38
583 200 32 33 34 39
584 200 60 61 62 63
585 200 30 57 65 64
586 200 30 57 65 66
587 200 60 61 62 67
588 200 93 95 96 97
589 200 58 85 99 98
590 200 58 85 99 100
591 200 93 95 96 101
592 200 115 116 117 118
593 200 86 112 120 119
594 200 86 112 120 121
595 200 115 116 117 122
596 200 148 150 151 152
597 200 113 140 154 153
598 200 113 140 154 155
599 200 148 150 151 156
600 200 170 171 172 173
601 200 141 167 175 174
602 200 141 167 175 176
603 200 170 171 172 177
604 200 198 199 200 201
605 200 168 195 203 202
606 200 168 195 203 204
607 200 198 199 200 205
608 200 231 233 234 235
609 200 196 223 237 236
610 200 196 223 237 238
611 200 231 233 234 239
612 200 258 260 261 262
613 200 224 250 264 263
614 200 224 250 264 265
615 200 258 260 261 266
616 200 14 13 12 22
617 200 15 16 2 25
618 200 1 2 16 15
619 200 17 16 2 25
620 200 1 2 16 17
621 200 18 13 12 22
622 200 35 34 33 47
623 200 36 37 29 50
624 200 38 37 29 50
625 200 39 34 33 47
626 200 63 62 61 75
627 200 64 65 57 78
628 200 66 65 57 78
629 200 67 62 61 75
630 200 97 96 95 105
631 200 98 99 85 108
632 200 100 99 85 108
633 200 101 96 95 105
634 200 118 117 116 130
635 200 119 120 112 133
636 200 121 120 112 133
637 200 122 117 116 130
638 200 152 151 150 160
639 200 153 154 140 163
640 200 155 154 140 163
641 200 156 151 150 160
642 200 173 172 171 185
643 200 174 175 167 188
644 200 176 175 167 188
645 200 177 172 171 185
646 200 201 200 199 213
647 200 202 203 195 216
648 200 204 203 195 216
649 200 205 200 199 213
650 200 235 234 233 243
651 200 236 237 223 246
652 200 238 237 223 246
653 200 239 234 233 243
654 200 262 261 260 270
655 200 263 264 250 273
656 200 265 264 250 273
657 200 266 261 260 270
658 206 5 6 7 8
659 206 6 7 8 9
660 206 88 89 90 91
661 206 89 90 91 92
662 206 143 144 145 146
663 206 144 145 146 147
664 206 226 227 228 229
665 206 227 228 229 230
666 206 253 254 255 256
667 206 254 255 256 257
668 206 8 7 6 20
669 206 6 7 8 21
670 206 91 90 89 103
671 206 89 90 91 104
672 206 146 145 144 158
673 206 144 145 146 159
674 206 229 228 227 241
675 206 227 228 229 242
676 206 256 255 254 268
677 206 254 255 256 269
678 602 11 10 12 22
679 602 31 32 33 47
680 602 4 3 29 50
681 602 59 60 61 75
682 602 44 30 57 78
683 602 94 93 95 105
684 602 72 58 85 108
685 602 114 115 116 130
686 602 87 86 112 133
687 602 149 148 150 160
688 602 127 113 140 163
689 602 169 170 171 185
690 602 142 141 167 188
691 602 197 198 199 213
692 602 182 168 195 216
693 602 232 231 233 243
694 602 210 196 223 246
695 602 259 258 260 270
696 602 225 224 250 273
